# Goxel 0.10.6
# One line per voxel
# X Y Z RRGGBB
10 4 0 847e87
3 5 0 847e87
4 5 0 847e87
6 5 0 847e87
7 5 0 847e87
10 5 0 847e87
3 6 0 847e87
4 6 0 847e87
6 6 0 847e87
7 6 0 847e87
10 6 0 847e87
10 7 0 847e87
10 8 0 847e87
10 4 1 847e87
3 5 1 000000
4 5 1 000000
5 5 1 000000
6 5 1 000000
7 5 1 000000
10 5 1 847e87
3 6 1 000000
4 6 1 000000
5 6 1 000000
6 6 1 000000
7 6 1 000000
10 6 1 847e87
10 7 1 847e87
10 8 1 847e87
2 3 2 ffffff
2 4 2 ffffff
3 4 2 000000
4 4 2 000000
5 4 2 000000
6 4 2 000000
7 4 2 000000
10 4 2 847e87
2 5 2 ffffff
7 5 2 000000
9 5 2 847e87
10 5 2 847e87
2 6 2 eec39a
8 6 2 eec39a
9 6 2 847e87
10 6 2 847e87
3 7 2 000000
4 7 2 000000
5 7 2 000000
6 7 2 000000
7 7 2 000000
9 7 2 847e87
10 7 2 847e87
10 8 2 847e87
4 3 3 000000
5 3 3 000000
6 3 3 000000
3 4 3 847e87
7 4 3 847e87
10 4 3 847e87
3 5 3 847e87
7 5 3 847e87
10 5 3 847e87
2 6 3 847e87
8 6 3 847e87
10 6 3 847e87
3 7 3 847e87
7 7 3 847e87
10 7 3 847e87
4 8 3 000000
5 8 3 000000
6 8 3 000000
10 8 3 847e87
4 3 4 000000
5 3 4 ffffff
6 3 4 000000
3 4 4 847e87
7 4 4 847e87
10 4 4 847e87
3 5 4 847e87
7 5 4 847e87
10 5 4 847e87
2 6 4 847e87
8 6 4 847e87
10 6 4 847e87
3 7 4 847e87
7 7 4 847e87
10 7 4 847e87
4 8 4 000000
5 8 4 000000
6 8 4 000000
10 8 4 847e87
4 3 5 000000
5 3 5 000000
6 3 5 000000
3 4 5 847e87
4 4 5 000000
5 4 5 847e87
6 4 5 000000
7 4 5 847e87
10 4 5 847e87
3 5 5 847e87
7 5 5 847e87
10 5 5 ffffff
3 6 5 847e87
7 6 5 847e87
10 6 5 ffffff
3 7 5 847e87
4 7 5 847e87
5 7 5 847e87
6 7 5 847e87
7 7 5 847e87
10 7 5 ffffff
10 8 5 847e87
10 4 6 847e87
2 5 6 000000
3 5 6 eec39a
4 5 6 eec39a
5 5 6 eec39a
6 5 6 eec39a
7 5 6 eec39a
8 5 6 000000
10 5 6 847e87
2 6 6 000000
8 6 6 000000
10 6 6 847e87
3 7 6 000000
7 7 6 000000
10 7 6 847e87
4 8 6 000000
5 8 6 000000
6 8 6 000000
10 8 6 847e87
3 4 7 ffffff
4 4 7 ffffff
5 4 7 ffffff
6 4 7 ffffff
7 4 7 ffffff
2 5 7 000000
8 5 7 000000
2 6 7 000000
8 6 7 000000
3 7 7 000000
7 7 7 000000
4 8 7 000000
5 8 7 000000
6 8 7 000000
3 4 8 ffffff
4 4 8 ffffff
5 4 8 ffffff
6 4 8 ffffff
7 4 8 ffffff
3 5 8 000000
7 5 8 000000
3 6 8 000000
4 6 8 000000
5 6 8 000000
6 6 8 000000
7 6 8 000000
4 7 8 000000
5 7 8 000000
6 7 8 000000
3 4 9 000000
4 4 9 000000
5 4 9 000000
6 4 9 000000
7 4 9 000000
3 5 9 000000
4 5 9 000000
5 5 9 000000
6 5 9 000000
7 5 9 000000
