# Goxel 0.10.6
# One line per voxel
# X Y Z RRGGBB
3 5 0 000000
4 5 0 000000
6 5 0 000000
7 5 0 000000
3 6 0 000000
4 6 0 000000
6 6 0 000000
7 6 0 000000
3 5 1 df7126
4 5 1 df7126
6 5 1 df7126
7 5 1 df7126
3 6 1 df7126
4 6 1 df7126
6 6 1 df7126
7 6 1 df7126
3 4 2 df7126
4 4 2 df7126
5 4 2 df7126
6 4 2 df7126
7 4 2 df7126
3 5 2 df7126
5 5 2 df7126
7 5 2 df7126
2 6 2 eec39a
3 6 2 df7126
5 6 2 df7126
7 6 2 df7126
8 6 2 eec39a
3 7 2 df7126
4 7 2 df7126
5 7 2 df7126
6 7 2 df7126
7 7 2 df7126
3 4 3 d77bba
4 4 3 d77bba
5 4 3 d77bba
6 4 3 d77bba
7 4 3 d77bba
3 5 3 d77bba
7 5 3 d77bba
2 6 3 d77bba
8 6 3 d77bba
3 7 3 d77bba
4 7 3 d77bba
5 7 3 d77bba
6 7 3 d77bba
7 7 3 d77bba
3 4 4 d77bba
4 4 4 d77bba
5 4 4 d77bba
6 4 4 d77bba
7 4 4 d77bba
3 5 4 d77bba
7 5 4 d77bba
2 6 4 d77bba
8 6 4 d77bba
3 7 4 d77bba
4 7 4 d77bba
5 7 4 d77bba
6 7 4 d77bba
7 7 4 d77bba
3 4 5 d77bba
4 4 5 d77bba
5 4 5 d77bba
6 4 5 d77bba
7 4 5 d77bba
3 5 5 eec39a
7 5 5 eec39a
3 6 5 eec39a
7 6 5 eec39a
3 7 5 eec39a
4 7 5 eec39a
5 7 5 eec39a
6 7 5 eec39a
7 7 5 eec39a
3 5 6 eec39a
4 5 6 eec39a
5 5 6 eec39a
6 5 6 eec39a
7 5 6 eec39a
0 6 6 df7126
2 6 6 eec39a
8 6 6 eec39a
10 6 6 df7126
3 7 6 eec39a
4 7 6 eec39a
5 7 6 eec39a
6 7 6 eec39a
7 7 6 eec39a
3 5 7 eec39a
4 5 7 000000
5 5 7 eec39a
6 5 7 000000
7 5 7 eec39a
0 6 7 df7126
3 6 7 eec39a
7 6 7 eec39a
10 6 7 df7126
3 7 7 eec39a
4 7 7 eec39a
5 7 7 eec39a
6 7 7 eec39a
7 7 7 eec39a
3 5 8 df7126
4 5 8 eec39a
5 5 8 eec39a
6 5 8 eec39a
7 5 8 df7126
0 6 8 df7126
1 6 8 df7126
2 6 8 d77bba
8 6 8 d77bba
9 6 8 df7126
10 6 8 df7126
3 7 8 df7126
4 7 8 df7126
5 7 8 df7126
6 7 8 df7126
7 7 8 df7126
3 5 9 df7126
4 5 9 df7126
5 5 9 df7126
6 5 9 df7126
7 5 9 df7126
3 6 9 df7126
4 6 9 df7126
5 6 9 df7126
6 6 9 df7126
7 6 9 df7126
3 7 9 df7126
4 7 9 df7126
5 7 9 df7126
6 7 9 df7126
7 7 9 df7126
