# Goxel 0.10.6
# One line per voxel
# X Y Z RRGGBB
2 2 0 ffffff
8 2 0 ffffff
2 9 0 ffffff
8 9 0 ffffff
2 2 1 847e87
3 2 1 847e87
4 2 1 ffffff
5 2 1 ffffff
6 2 1 ffffff
7 2 1 847e87
8 2 1 847e87
2 3 1 847e87
3 3 1 847e87
4 3 1 847e87
5 3 1 847e87
6 3 1 847e87
7 3 1 847e87
8 3 1 847e87
2 4 1 847e87
3 4 1 847e87
4 4 1 847e87
5 4 1 847e87
6 4 1 847e87
7 4 1 847e87
8 4 1 847e87
2 5 1 847e87
3 5 1 847e87
4 5 1 847e87
5 5 1 847e87
6 5 1 847e87
7 5 1 847e87
8 5 1 847e87
2 6 1 847e87
3 6 1 847e87
4 6 1 847e87
5 6 1 847e87
6 6 1 847e87
7 6 1 847e87
8 6 1 847e87
2 7 1 847e87
3 7 1 847e87
4 7 1 847e87
5 7 1 847e87
6 7 1 847e87
7 7 1 847e87
8 7 1 847e87
2 8 1 847e87
3 8 1 847e87
4 8 1 847e87
5 8 1 847e87
6 8 1 847e87
7 8 1 847e87
8 8 1 847e87
2 9 1 847e87
3 9 1 847e87
4 9 1 847e87
5 9 1 847e87
6 9 1 847e87
7 9 1 847e87
8 9 1 847e87
2 2 2 847e87
3 2 2 847e87
4 2 2 ffffff
5 2 2 ffffff
6 2 2 ffffff
7 2 2 847e87
8 2 2 847e87
2 3 2 847e87
3 3 2 847e87
4 3 2 847e87
5 3 2 847e87
6 3 2 847e87
7 3 2 847e87
8 3 2 847e87
2 4 2 847e87
3 4 2 847e87
4 4 2 847e87
5 4 2 847e87
6 4 2 847e87
7 4 2 847e87
8 4 2 847e87
2 5 2 847e87
3 5 2 847e87
4 5 2 847e87
5 5 2 847e87
6 5 2 847e87
7 5 2 847e87
8 5 2 847e87
2 6 2 847e87
3 6 2 847e87
4 6 2 847e87
5 6 2 847e87
6 6 2 847e87
7 6 2 847e87
8 6 2 847e87
2 7 2 847e87
3 7 2 847e87
4 7 2 847e87
5 7 2 847e87
6 7 2 847e87
7 7 2 847e87
8 7 2 847e87
2 8 2 847e87
3 8 2 847e87
4 8 2 847e87
5 8 2 847e87
6 8 2 847e87
7 8 2 847e87
8 8 2 847e87
2 9 2 847e87
3 9 2 847e87
4 9 2 847e87
5 9 2 847e87
6 9 2 847e87
7 9 2 847e87
8 9 2 847e87
2 2 3 595652
3 2 3 847e87
4 2 3 847e87
5 2 3 847e87
6 2 3 847e87
7 2 3 847e87
8 2 3 595652
2 3 3 847e87
3 3 3 847e87
4 3 3 847e87
5 3 3 847e87
6 3 3 847e87
7 3 3 847e87
8 3 3 847e87
2 4 3 847e87
3 4 3 847e87
4 4 3 847e87
5 4 3 847e87
6 4 3 847e87
7 4 3 847e87
8 4 3 847e87
2 5 3 847e87
3 5 3 847e87
4 5 3 847e87
5 5 3 847e87
6 5 3 847e87
7 5 3 847e87
8 5 3 847e87
2 6 3 847e87
3 6 3 847e87
4 6 3 847e87
5 6 3 847e87
6 6 3 847e87
7 6 3 847e87
8 6 3 847e87
2 7 3 696a6a
3 7 3 847e87
4 7 3 847e87
5 7 3 847e87
6 7 3 847e87
7 7 3 847e87
8 7 3 847e87
2 8 3 696a6a
3 8 3 847e87
4 8 3 847e87
5 8 3 847e87
6 8 3 847e87
7 8 3 847e87
8 8 3 847e87
2 9 3 847e87
3 9 3 847e87
4 9 3 847e87
5 9 3 847e87
6 9 3 847e87
7 9 3 847e87
8 9 3 847e87
5 10 3 847e87
3 1 4 847e87
4 1 4 847e87
5 1 4 595652
6 1 4 847e87
7 1 4 847e87
2 2 4 847e87
3 2 4 847e87
4 2 4 847e87
5 2 4 847e87
6 2 4 847e87
7 2 4 847e87
8 2 4 847e87
2 3 4 847e87
3 3 4 847e87
4 3 4 847e87
5 3 4 847e87
6 3 4 847e87
7 3 4 847e87
8 3 4 847e87
2 4 4 847e87
3 4 4 847e87
4 4 4 847e87
5 4 4 847e87
6 4 4 847e87
7 4 4 847e87
8 4 4 847e87
2 5 4 847e87
3 5 4 847e87
4 5 4 847e87
5 5 4 847e87
6 5 4 847e87
7 5 4 847e87
8 5 4 696a6a
2 6 4 847e87
3 6 4 847e87
4 6 4 847e87
5 6 4 847e87
6 6 4 847e87
7 6 4 847e87
8 6 4 696a6a
2 7 4 696a6a
3 7 4 847e87
4 7 4 847e87
5 7 4 847e87
6 7 4 847e87
7 7 4 847e87
8 7 4 847e87
2 8 4 696a6a
3 8 4 847e87
4 8 4 847e87
5 8 4 847e87
6 8 4 847e87
7 8 4 847e87
8 8 4 847e87
2 9 4 847e87
3 9 4 847e87
4 9 4 847e87
5 9 4 847e87
6 9 4 847e87
7 9 4 847e87
8 9 4 847e87
5 10 4 847e87
3 1 5 847e87
4 1 5 595652
5 1 5 595652
6 1 5 595652
7 1 5 847e87
2 2 5 595652
3 2 5 847e87
4 2 5 847e87
5 2 5 847e87
6 2 5 847e87
7 2 5 847e87
8 2 5 595652
2 3 5 847e87
3 3 5 847e87
4 3 5 847e87
5 3 5 847e87
6 3 5 847e87
7 3 5 847e87
8 3 5 847e87
2 4 5 847e87
3 4 5 847e87
4 4 5 847e87
5 4 5 847e87
6 4 5 847e87
7 4 5 847e87
8 4 5 847e87
2 5 5 696a6a
3 5 5 847e87
4 5 5 847e87
5 5 5 847e87
6 5 5 847e87
7 5 5 847e87
8 5 5 696a6a
2 6 5 847e87
3 6 5 847e87
4 6 5 847e87
5 6 5 847e87
6 6 5 847e87
7 6 5 847e87
8 6 5 696a6a
2 7 5 847e87
3 7 5 847e87
4 7 5 847e87
5 7 5 847e87
6 7 5 847e87
7 7 5 847e87
8 7 5 847e87
2 8 5 847e87
3 8 5 847e87
4 8 5 847e87
5 8 5 847e87
6 8 5 847e87
7 8 5 847e87
8 8 5 696a6a
2 9 5 847e87
3 9 5 847e87
4 9 5 847e87
5 9 5 847e87
6 9 5 847e87
7 9 5 847e87
8 9 5 847e87
5 10 5 847e87
2 2 6 847e87
3 2 6 000000
4 2 6 847e87
5 2 6 847e87
6 2 6 847e87
7 2 6 000000
8 2 6 847e87
2 3 6 847e87
3 3 6 847e87
4 3 6 847e87
5 3 6 847e87
6 3 6 847e87
7 3 6 847e87
8 3 6 847e87
2 4 6 847e87
3 4 6 847e87
4 4 6 847e87
5 4 6 847e87
6 4 6 847e87
7 4 6 847e87
8 4 6 847e87
2 5 6 847e87
3 5 6 847e87
4 5 6 847e87
5 5 6 847e87
6 5 6 847e87
7 5 6 847e87
8 5 6 847e87
2 6 6 847e87
3 6 6 847e87
4 6 6 847e87
5 6 6 847e87
6 6 6 847e87
7 6 6 847e87
8 6 6 847e87
2 7 6 847e87
3 7 6 847e87
4 7 6 847e87
5 7 6 847e87
6 7 6 847e87
7 7 6 847e87
8 7 6 847e87
2 8 6 847e87
3 8 6 847e87
4 8 6 847e87
5 8 6 847e87
6 8 6 847e87
7 8 6 847e87
8 8 6 847e87
2 9 6 847e87
3 9 6 847e87
4 9 6 847e87
5 9 6 847e87
6 9 6 847e87
7 9 6 847e87
8 9 6 847e87
5 10 6 847e87
2 2 7 847e87
3 2 7 847e87
4 2 7 847e87
5 2 7 847e87
6 2 7 847e87
7 2 7 847e87
8 2 7 847e87
2 3 7 847e87
3 3 7 847e87
4 3 7 847e87
5 3 7 847e87
6 3 7 847e87
7 3 7 847e87
8 3 7 847e87
2 4 7 847e87
3 4 7 847e87
4 4 7 847e87
5 4 7 847e87
6 4 7 847e87
7 4 7 847e87
8 4 7 847e87
2 5 7 847e87
3 5 7 847e87
4 5 7 847e87
5 5 7 847e87
6 5 7 847e87
7 5 7 847e87
8 5 7 847e87
2 6 7 847e87
3 6 7 847e87
4 6 7 847e87
5 6 7 847e87
6 6 7 847e87
7 6 7 847e87
8 6 7 847e87
2 7 7 847e87
3 7 7 847e87
4 7 7 847e87
5 7 7 847e87
6 7 7 847e87
7 7 7 847e87
8 7 7 847e87
2 8 7 847e87
3 8 7 847e87
4 8 7 847e87
5 8 7 847e87
6 8 7 847e87
7 8 7 847e87
8 8 7 847e87
2 9 7 847e87
3 9 7 847e87
4 9 7 847e87
5 9 7 847e87
6 9 7 847e87
7 9 7 847e87
8 9 7 847e87
5 10 7 847e87
2 4 8 847e87
3 4 8 847e87
4 4 8 847e87
6 4 8 847e87
7 4 8 847e87
8 4 8 847e87
5 10 8 847e87
3 4 9 847e87
7 4 9 847e87
5 8 9 847e87
5 9 9 847e87
5 10 9 847e87
5 7 10 847e87
5 8 10 847e87
