# Goxel 0.10.6
# One line per voxel
# X Y Z RRGGBB
3 2 0 8f563b
7 2 0 8f563b
3 3 0 8f563b
7 3 0 8f563b
3 7 0 8f563b
7 7 0 8f563b
3 8 0 8f563b
7 8 0 8f563b
3 3 1 8f563b
7 3 1 8f563b
3 8 1 8f563b
7 8 1 8f563b
3 3 2 8f563b
7 3 2 8f563b
3 8 2 8f563b
7 8 2 8f563b
3 2 3 8f563b
4 2 3 8f563b
5 2 3 8f563b
6 2 3 8f563b
7 2 3 8f563b
3 3 3 8f563b
4 3 3 8f563b
5 3 3 8f563b
6 3 3 8f563b
7 3 3 8f563b
3 4 3 8f563b
4 4 3 8f563b
5 4 3 8f563b
6 4 3 8f563b
7 4 3 8f563b
3 5 3 8f563b
4 5 3 8f563b
5 5 3 8f563b
6 5 3 8f563b
7 5 3 8f563b
3 6 3 8f563b
4 6 3 8f563b
5 6 3 8f563b
6 6 3 8f563b
7 6 3 8f563b
3 7 3 8f563b
4 7 3 8f563b
5 7 3 8f563b
6 7 3 8f563b
7 7 3 8f563b
3 8 3 8f563b
4 8 3 8f563b
5 8 3 8f563b
6 8 3 8f563b
7 8 3 8f563b
4 0 4 d9a066
5 0 4 d9a066
6 0 4 d9a066
3 1 4 8f563b
4 1 4 8f563b
5 1 4 8f563b
6 1 4 8f563b
7 1 4 8f563b
3 2 4 8f563b
4 2 4 8f563b
5 2 4 8f563b
6 2 4 8f563b
7 2 4 8f563b
3 3 4 8f563b
4 3 4 8f563b
5 3 4 8f563b
6 3 4 8f563b
7 3 4 8f563b
3 4 4 8f563b
4 4 4 8f563b
5 4 4 8f563b
6 4 4 8f563b
7 4 4 8f563b
3 5 4 8f563b
4 5 4 8f563b
5 5 4 8f563b
6 5 4 8f563b
7 5 4 8f563b
3 6 4 8f563b
4 6 4 8f563b
5 6 4 8f563b
6 6 4 8f563b
7 6 4 8f563b
3 7 4 8f563b
4 7 4 8f563b
5 7 4 8f563b
6 7 4 8f563b
7 7 4 8f563b
3 8 4 8f563b
4 8 4 8f563b
5 8 4 8f563b
6 8 4 8f563b
7 8 4 8f563b
5 9 4 8f563b
5 10 4 8f563b
4 0 5 d9a066
5 0 5 d9a066
6 0 5 d9a066
3 1 5 8f563b
4 1 5 8f563b
5 1 5 8f563b
6 1 5 8f563b
7 1 5 8f563b
4 2 5 8f563b
5 2 5 8f563b
6 2 5 8f563b
7 2 5 8f563b
4 3 5 8f563b
5 3 5 8f563b
6 3 5 8f563b
7 3 5 8f563b
4 4 5 8f563b
5 4 5 8f563b
6 4 5 8f563b
7 4 5 8f563b
5 10 5 8f563b
5 0 6 000000
3 1 6 8f563b
4 1 6 8f563b
5 1 6 8f563b
6 1 6 8f563b
7 1 6 8f563b
3 2 6 8f563b
4 2 6 8f563b
5 2 6 8f563b
6 2 6 8f563b
7 2 6 8f563b
3 3 6 8f563b
4 3 6 8f563b
5 3 6 8f563b
6 3 6 8f563b
7 3 6 8f563b
3 4 6 8f563b
4 4 6 8f563b
5 4 6 8f563b
6 4 6 8f563b
7 4 6 8f563b
5 10 6 8f563b
3 2 7 8f563b
4 2 7 000000
5 2 7 8f563b
6 2 7 000000
7 2 7 8f563b
3 3 7 8f563b
4 3 7 8f563b
5 3 7 8f563b
6 3 7 8f563b
7 3 7 8f563b
3 4 7 8f563b
4 4 7 8f563b
5 4 7 8f563b
6 4 7 8f563b
7 4 7 8f563b
3 2 8 8f563b
4 2 8 8f563b
5 2 8 8f563b
6 2 8 8f563b
7 2 8 8f563b
3 3 8 8f563b
4 3 8 8f563b
5 3 8 8f563b
6 3 8 8f563b
7 3 8 8f563b
3 4 8 8f563b
4 4 8 8f563b
5 4 8 8f563b
6 4 8 8f563b
7 4 8 8f563b
3 3 9 d9a066
7 3 9 d9a066
3 4 9 d9a066
7 4 9 d9a066
