# Goxel 0.10.6
# One line per voxel
# X Y Z RRGGBB
2 1 0 ffffff
3 1 0 ffffff
7 1 0 ffffff
8 1 0 ffffff
2 2 0 ffffff
3 2 0 ffffff
7 2 0 ffffff
8 2 0 ffffff
2 8 0 ffffff
3 8 0 ffffff
7 8 0 ffffff
8 8 0 ffffff
2 9 0 ffffff
3 9 0 ffffff
7 9 0 ffffff
8 9 0 ffffff
2 2 1 df7126
3 2 1 df7126
7 2 1 df7126
8 2 1 df7126
2 9 1 df7126
3 9 1 df7126
7 9 1 df7126
8 9 1 df7126
2 2 2 df7126
3 2 2 df7126
7 2 2 df7126
8 2 2 df7126
2 9 2 df7126
3 9 2 df7126
7 9 2 df7126
8 9 2 df7126
3 0 3 ffffff
4 0 3 ffffff
6 0 3 ffffff
7 0 3 ffffff
2 1 3 df7126
3 1 3 df7126
4 1 3 df7126
5 1 3 df7126
6 1 3 df7126
7 1 3 df7126
8 1 3 df7126
2 2 3 000000
3 2 3 000000
4 2 3 000000
5 2 3 000000
6 2 3 000000
7 2 3 000000
8 2 3 000000
2 3 3 df7126
3 3 3 df7126
4 3 3 df7126
5 3 3 df7126
6 3 3 df7126
7 3 3 df7126
8 3 3 df7126
2 4 3 000000
3 4 3 000000
4 4 3 000000
5 4 3 000000
6 4 3 000000
7 4 3 000000
8 4 3 000000
2 5 3 df7126
3 5 3 df7126
4 5 3 df7126
5 5 3 df7126
6 5 3 df7126
7 5 3 df7126
8 5 3 df7126
2 6 3 000000
3 6 3 000000
4 6 3 000000
5 6 3 000000
6 6 3 000000
7 6 3 000000
8 6 3 000000
2 7 3 df7126
3 7 3 df7126
4 7 3 df7126
5 7 3 df7126
6 7 3 df7126
7 7 3 df7126
8 7 3 df7126
2 8 3 000000
3 8 3 000000
4 8 3 000000
5 8 3 000000
6 8 3 000000
7 8 3 000000
8 8 3 000000
2 9 3 df7126
3 9 3 df7126
4 9 3 df7126
5 9 3 df7126
6 9 3 df7126
7 9 3 df7126
8 9 3 df7126
2 0 4 ffffff
3 0 4 ffffff
4 0 4 000000
5 0 4 000000
6 0 4 000000
7 0 4 ffffff
8 0 4 ffffff
2 1 4 df7126
3 1 4 df7126
4 1 4 df7126
5 1 4 df7126
6 1 4 df7126
7 1 4 df7126
8 1 4 df7126
2 2 4 000000
3 2 4 000000
4 2 4 000000
5 2 4 000000
6 2 4 000000
7 2 4 000000
8 2 4 000000
2 3 4 df7126
3 3 4 df7126
4 3 4 df7126
5 3 4 df7126
6 3 4 df7126
7 3 4 df7126
8 3 4 df7126
2 4 4 000000
3 4 4 000000
4 4 4 000000
5 4 4 000000
6 4 4 000000
7 4 4 000000
8 4 4 000000
2 5 4 df7126
3 5 4 df7126
4 5 4 df7126
5 5 4 df7126
6 5 4 df7126
7 5 4 df7126
8 5 4 df7126
2 6 4 000000
3 6 4 000000
4 6 4 000000
5 6 4 000000
6 6 4 000000
7 6 4 000000
8 6 4 000000
2 7 4 df7126
3 7 4 df7126
4 7 4 df7126
5 7 4 df7126
6 7 4 df7126
7 7 4 df7126
8 7 4 df7126
2 8 4 000000
3 8 4 000000
4 8 4 000000
5 8 4 000000
6 8 4 000000
7 8 4 000000
8 8 4 000000
2 9 4 df7126
3 9 4 df7126
4 9 4 df7126
5 9 4 df7126
6 9 4 df7126
7 9 4 df7126
8 9 4 df7126
3 0 5 ffffff
4 0 5 ffffff
5 0 5 ffffff
6 0 5 ffffff
7 0 5 ffffff
2 1 5 df7126
3 1 5 df7126
4 1 5 df7126
5 1 5 df7126
6 1 5 df7126
7 1 5 df7126
8 1 5 df7126
2 2 5 000000
3 2 5 000000
4 2 5 000000
5 2 5 000000
6 2 5 000000
7 2 5 000000
8 2 5 000000
2 3 5 df7126
3 3 5 df7126
4 3 5 df7126
5 3 5 df7126
6 3 5 df7126
7 3 5 df7126
8 3 5 df7126
2 4 5 000000
3 4 5 000000
4 4 5 000000
5 4 5 000000
6 4 5 000000
7 4 5 000000
8 4 5 000000
2 5 5 df7126
3 5 5 df7126
4 5 5 df7126
5 5 5 df7126
6 5 5 df7126
7 5 5 df7126
8 5 5 df7126
2 6 5 000000
3 6 5 000000
4 6 5 000000
5 6 5 000000
6 6 5 000000
7 6 5 000000
8 6 5 000000
2 7 5 df7126
3 7 5 df7126
4 7 5 df7126
5 7 5 df7126
6 7 5 df7126
7 7 5 df7126
8 7 5 df7126
2 8 5 000000
3 8 5 000000
4 8 5 000000
5 8 5 000000
6 8 5 000000
7 8 5 000000
8 8 5 000000
2 9 5 df7126
3 9 5 df7126
4 9 5 df7126
5 9 5 df7126
6 9 5 df7126
7 9 5 df7126
8 9 5 df7126
5 10 5 df7126
5 0 6 ffffff
2 1 6 df7126
3 1 6 000000
4 1 6 df7126
5 1 6 df7126
6 1 6 df7126
7 1 6 000000
8 1 6 df7126
2 2 6 000000
3 2 6 000000
4 2 6 000000
5 2 6 000000
6 2 6 000000
7 2 6 000000
8 2 6 000000
2 3 6 df7126
3 3 6 df7126
4 3 6 df7126
5 3 6 df7126
6 3 6 df7126
7 3 6 df7126
8 3 6 df7126
2 4 6 000000
3 4 6 000000
4 4 6 000000
5 4 6 000000
6 4 6 000000
7 4 6 000000
8 4 6 000000
2 5 6 df7126
3 5 6 df7126
4 5 6 df7126
5 5 6 df7126
6 5 6 df7126
7 5 6 df7126
8 5 6 df7126
2 6 6 000000
3 6 6 000000
4 6 6 000000
5 6 6 000000
6 6 6 000000
7 6 6 000000
8 6 6 000000
2 7 6 df7126
3 7 6 df7126
4 7 6 df7126
5 7 6 df7126
6 7 6 df7126
7 7 6 df7126
8 7 6 df7126
2 8 6 000000
3 8 6 000000
4 8 6 000000
5 8 6 000000
6 8 6 000000
7 8 6 000000
8 8 6 000000
2 9 6 df7126
3 9 6 df7126
4 9 6 df7126
5 9 6 df7126
6 9 6 df7126
7 9 6 df7126
8 9 6 df7126
5 10 6 000000
2 1 7 df7126
3 1 7 df7126
4 1 7 df7126
5 1 7 df7126
6 1 7 df7126
7 1 7 df7126
8 1 7 df7126
2 2 7 000000
3 2 7 000000
4 2 7 000000
5 2 7 000000
6 2 7 000000
7 2 7 000000
8 2 7 000000
2 3 7 df7126
3 3 7 df7126
4 3 7 df7126
5 3 7 df7126
6 3 7 df7126
7 3 7 df7126
8 3 7 df7126
2 4 7 000000
3 4 7 000000
4 4 7 000000
5 4 7 000000
6 4 7 000000
7 4 7 000000
8 4 7 000000
2 5 7 df7126
3 5 7 df7126
4 5 7 df7126
5 5 7 df7126
6 5 7 df7126
7 5 7 df7126
8 5 7 df7126
2 6 7 000000
3 6 7 000000
4 6 7 000000
5 6 7 000000
6 6 7 000000
7 6 7 000000
8 6 7 000000
2 7 7 df7126
3 7 7 df7126
4 7 7 df7126
5 7 7 df7126
6 7 7 df7126
7 7 7 df7126
8 7 7 df7126
2 8 7 000000
3 8 7 000000
4 8 7 000000
5 8 7 000000
6 8 7 000000
7 8 7 000000
8 8 7 000000
2 9 7 df7126
3 9 7 df7126
4 9 7 df7126
5 9 7 df7126
6 9 7 df7126
7 9 7 df7126
8 9 7 df7126
5 10 7 df7126
2 3 8 df7126
3 3 8 df7126
7 3 8 df7126
8 3 8 df7126
5 10 8 000000
2 3 9 df7126
3 3 9 df7126
7 3 9 df7126
8 3 9 df7126
5 9 9 000000
5 10 9 df7126
5 7 10 df7126
5 8 10 000000
5 9 10 df7126
