# Goxel 0.10.6
# One line per voxel
# X Y Z RRGGBB
4 4 0 df7126
6 4 0 df7126
4 5 0 df7126
6 5 0 df7126
4 6 0 df7126
6 6 0 df7126
4 6 1 df7126
6 6 1 df7126
4 3 2 fbf236
5 3 2 fbf236
6 3 2 fbf236
3 4 2 fbf236
4 4 2 fbf236
5 4 2 fbf236
6 4 2 fbf236
7 4 2 fbf236
3 5 2 fbf236
4 5 2 fbf236
5 5 2 fbf236
6 5 2 fbf236
7 5 2 fbf236
3 6 2 fbf236
4 6 2 fbf236
5 6 2 fbf236
6 6 2 fbf236
7 6 2 fbf236
4 7 2 fbf236
5 7 2 fbf236
6 7 2 fbf236
5 8 2 fbf236
4 3 3 fbf236
5 3 3 fbf236
6 3 3 fbf236
4 4 3 fbf236
5 4 3 fbf236
6 4 3 fbf236
4 5 3 fbf236
5 5 3 fbf236
6 5 3 fbf236
3 6 3 fbf236
4 6 3 fbf236
5 6 3 fbf236
6 6 3 fbf236
7 6 3 fbf236
4 7 3 fbf236
5 7 3 fbf236
6 7 3 fbf236
4 3 4 fbf236
5 3 4 fbf236
6 3 4 fbf236
4 4 4 fbf236
5 4 4 fbf236
6 4 4 fbf236
4 5 4 fbf236
5 5 4 fbf236
6 5 4 fbf236
4 6 4 fbf236
5 6 4 fbf236
6 6 4 fbf236
5 7 4 fbf236
5 1 5 df7126
4 2 5 fbf236
5 2 5 fbf236
6 2 5 fbf236
4 3 5 fbf236
5 3 5 fbf236
6 3 5 fbf236
4 4 5 fbf236
5 4 5 fbf236
6 4 5 fbf236
4 5 5 fbf236
5 5 5 fbf236
6 5 5 fbf236
5 6 5 fbf236
4 2 6 fbf236
5 2 6 fbf236
6 2 6 fbf236
4 3 6 fbf236
5 3 6 fbf236
6 3 6 fbf236
4 4 6 fbf236
5 4 6 fbf236
6 4 6 fbf236
4 1 7 000000
6 1 7 000000
4 2 7 fbf236
5 2 7 fbf236
6 2 7 fbf236
4 3 7 fbf236
5 3 7 fbf236
6 3 7 fbf236
4 4 7 fbf236
5 4 7 fbf236
6 4 7 fbf236
5 2 8 df7126
5 3 8 df7126
5 4 8 df7126
5 3 9 df7126
