# Goxel 0.10.6
# One line per voxel
# X Y Z RRGGBB
2 4 0 df7126
3 4 0 df7126
4 4 0 df7126
6 4 0 df7126
7 4 0 df7126
8 4 0 df7126
2 5 0 df7126
3 5 0 df7126
4 5 0 df7126
6 5 0 df7126
7 5 0 df7126
8 5 0 df7126
2 6 0 df7126
3 6 0 df7126
4 6 0 df7126
6 6 0 df7126
7 6 0 df7126
8 6 0 df7126
3 6 1 df7126
7 6 1 df7126
3 3 2 663931
4 3 2 663931
6 3 2 663931
7 3 2 663931
2 4 2 663931
3 4 2 663931
4 4 2 663931
6 4 2 663931
7 4 2 663931
8 4 2 663931
2 5 2 663931
3 5 2 663931
4 5 2 663931
6 5 2 663931
7 5 2 663931
8 5 2 663931
2 6 2 663931
3 6 2 663931
4 6 2 663931
6 6 2 663931
7 6 2 663931
8 6 2 663931
3 7 2 663931
7 7 2 663931
3 3 3 663931
4 3 3 663931
5 3 3 663931
6 3 3 663931
7 3 3 663931
2 4 3 663931
3 4 3 663931
4 4 3 663931
5 4 3 663931
6 4 3 663931
8 4 3 663931
2 5 3 663931
3 5 3 663931
4 5 3 663931
5 5 3 663931
6 5 3 663931
7 5 3 663931
8 5 3 663931
2 6 3 663931
3 6 3 663931
4 6 3 663931
5 6 3 663931
6 6 3 663931
7 6 3 663931
8 6 3 663931
3 7 3 663931
4 7 3 663931
5 7 3 663931
6 7 3 663931
7 7 3 663931
4 8 3 663931
5 8 3 663931
6 8 3 663931
5 9 3 663931
3 3 4 663931
4 3 4 663931
5 3 4 663931
6 3 4 663931
7 3 4 663931
3 4 4 663931
4 4 4 663931
5 4 4 663931
7 4 4 663931
3 5 4 663931
4 5 4 663931
5 5 4 663931
6 5 4 663931
7 5 4 663931
3 6 4 663931
4 6 4 663931
5 6 4 663931
6 6 4 663931
7 6 4 663931
3 7 4 663931
4 7 4 663931
5 7 4 663931
6 7 4 663931
7 7 4 663931
5 9 4 663931
3 3 5 ffffff
4 3 5 ffffff
5 3 5 ffffff
6 3 5 ffffff
7 3 5 ffffff
3 4 5 ffffff
4 4 5 ffffff
6 4 5 ffffff
7 4 5 ffffff
3 5 5 ffffff
4 5 5 ffffff
5 5 5 ffffff
6 5 5 ffffff
7 5 5 ffffff
3 6 5 ffffff
4 6 5 ffffff
5 6 5 ffffff
6 6 5 ffffff
7 6 5 ffffff
3 7 5 ffffff
4 7 5 ffffff
5 7 5 ffffff
6 7 5 ffffff
7 7 5 ffffff
4 1 6 df7126
5 1 6 df7126
6 1 6 df7126
4 2 6 df7126
5 2 6 df7126
6 2 6 df7126
3 3 6 37946e
4 3 6 37946e
5 3 6 37946e
6 3 6 37946e
7 3 6 37946e
3 4 6 37946e
4 4 6 37946e
5 4 6 37946e
6 4 6 37946e
7 4 6 37946e
3 5 6 37946e
4 5 6 37946e
5 5 6 37946e
6 5 6 37946e
7 5 6 37946e
3 6 6 37946e
4 6 6 37946e
5 6 6 37946e
6 6 6 37946e
7 6 6 37946e
3 7 6 37946e
4 7 6 37946e
5 7 6 37946e
6 7 6 37946e
7 7 6 37946e
3 3 7 37946e
4 3 7 37946e
5 3 7 37946e
6 3 7 37946e
7 3 7 37946e
3 4 7 000000
4 4 7 37946e
5 4 7 37946e
6 4 7 37946e
7 4 7 000000
3 5 7 37946e
4 5 7 37946e
5 5 7 37946e
6 5 7 37946e
7 5 7 37946e
3 6 7 37946e
4 6 7 37946e
5 6 7 37946e
6 6 7 37946e
7 6 7 37946e
3 7 7 37946e
4 7 7 37946e
5 7 7 37946e
6 7 7 37946e
7 7 7 37946e
3 3 8 37946e
4 3 8 37946e
5 3 8 37946e
6 3 8 37946e
7 3 8 37946e
3 4 8 37946e
4 4 8 37946e
5 4 8 37946e
6 4 8 37946e
7 4 8 37946e
3 5 8 37946e
4 5 8 37946e
5 5 8 37946e
6 5 8 37946e
7 5 8 37946e
3 6 8 37946e
4 6 8 37946e
5 6 8 37946e
6 6 8 37946e
7 6 8 37946e
3 7 8 37946e
4 7 8 37946e
5 7 8 37946e
6 7 8 37946e
7 7 8 37946e
