# Goxel 0.10.6
# One line per voxel
# X Y Z RRGGBB
4 4 0 76428a
5 4 0 76428a
6 4 0 76428a
4 5 0 76428a
5 5 0 76428a
6 5 0 76428a
4 6 0 76428a
5 6 0 76428a
6 6 0 76428a
4 3 1 76428a
5 3 1 76428a
6 3 1 76428a
3 4 1 76428a
4 4 1 8f563b
5 4 1 8f563b
6 4 1 8f563b
7 4 1 76428a
3 5 1 76428a
4 5 1 8f563b
5 5 1 8f563b
6 5 1 8f563b
7 5 1 76428a
3 6 1 76428a
4 6 1 8f563b
5 6 1 8f563b
6 6 1 8f563b
7 6 1 76428a
4 7 1 76428a
5 7 1 76428a
6 7 1 76428a
4 4 2 4b692f
5 4 2 4b692f
6 4 2 4b692f
4 5 2 4b692f
5 5 2 4b692f
6 5 2 4b692f
4 6 2 4b692f
5 6 2 4b692f
6 6 2 4b692f
4 3 3 4b692f
5 3 3 4b692f
6 3 3 4b692f
3 4 3 4b692f
4 4 3 4b692f
5 4 3 4b692f
6 4 3 4b692f
7 4 3 4b692f
3 5 3 4b692f
4 5 3 4b692f
5 5 3 4b692f
6 5 3 4b692f
7 5 3 4b692f
3 6 3 4b692f
4 6 3 4b692f
5 6 3 4b692f
6 6 3 4b692f
7 6 3 4b692f
4 7 3 4b692f
5 7 3 4b692f
6 7 3 4b692f
4 3 4 4b692f
5 3 4 4b692f
6 3 4 4b692f
3 4 4 4b692f
4 4 4 4b692f
5 4 4 4b692f
6 4 4 4b692f
7 4 4 4b692f
3 5 4 4b692f
4 5 4 4b692f
5 5 4 4b692f
6 5 4 4b692f
7 5 4 4b692f
3 6 4 4b692f
4 6 4 4b692f
5 6 4 4b692f
6 6 4 4b692f
7 6 4 4b692f
4 7 4 4b692f
5 7 4 4b692f
6 7 4 4b692f
4 3 5 4b692f
5 3 5 4b692f
6 3 5 4b692f
3 4 5 4b692f
4 4 5 4b692f
5 4 5 4b692f
6 4 5 4b692f
7 4 5 4b692f
3 5 5 4b692f
4 5 5 4b692f
5 5 5 4b692f
6 5 5 4b692f
7 5 5 4b692f
3 6 5 4b692f
4 6 5 4b692f
5 6 5 4b692f
6 6 5 4b692f
7 6 5 4b692f
4 7 5 4b692f
5 7 5 4b692f
6 7 5 4b692f
5 3 6 4b692f
4 4 6 4b692f
5 4 6 4b692f
6 4 6 4b692f
3 5 6 4b692f
4 5 6 4b692f
5 5 6 4b692f
6 5 6 4b692f
7 5 6 4b692f
4 6 6 4b692f
5 6 6 4b692f
6 6 6 4b692f
5 7 6 4b692f
5 4 7 4b692f
4 5 7 4b692f
5 5 7 4b692f
6 5 7 4b692f
5 6 7 4b692f
5 5 8 4b692f
