# Goxel 0.10.6
# One line per voxel
# X Y Z RRGGBB
4 4 0 37946e
3 5 0 37946e
4 5 0 37946e
5 5 0 37946e
4 6 0 37946e
4 4 1 6abe30
3 5 1 6abe30
4 5 1 6abe30
5 5 1 6abe30
4 6 1 6abe30
3 4 2 6abe30
4 4 2 6abe30
3 5 2 6abe30
4 5 2 6abe30
5 5 2 6abe30
3 6 2 6abe30
4 6 2 6abe30
4 4 3 6abe30
3 5 3 6abe30
4 5 3 6abe30
5 5 3 6abe30
4 6 3 6abe30
5 6 3 6abe30
4 4 4 6abe30
4 5 4 6abe30
5 5 4 6abe30
6 5 4 6abe30
4 6 4 6abe30
5 6 4 6abe30
2 4 5 6abe30
3 4 5 6abe30
4 4 5 6abe30
5 4 5 6abe30
6 4 5 6abe30
7 4 5 6abe30
1 5 5 6abe30
2 5 5 6abe30
3 5 5 6abe30
4 5 5 6abe30
5 5 5 6abe30
6 5 5 6abe30
7 5 5 6abe30
8 5 5 6abe30
9 5 5 6abe30
2 6 5 6abe30
3 6 5 6abe30
4 6 5 6abe30
5 6 5 6abe30
6 6 5 6abe30
7 6 5 6abe30
1 4 6 6abe30
2 4 6 6abe30
3 4 6 6abe30
4 4 6 6abe30
5 4 6 6abe30
6 4 6 6abe30
7 4 6 6abe30
8 4 6 6abe30
9 4 6 6abe30
0 5 6 6abe30
1 5 6 6abe30
2 5 6 6abe30
3 5 6 6abe30
4 5 6 6abe30
5 5 6 6abe30
6 5 6 6abe30
7 5 6 6abe30
8 5 6 6abe30
9 5 6 6abe30
10 5 6 6abe30
1 6 6 6abe30
2 6 6 6abe30
3 6 6 6abe30
4 6 6 6abe30
5 6 6 6abe30
6 6 6 6abe30
7 6 6 6abe30
8 6 6 6abe30
9 6 6 6abe30
1 4 7 6abe30
4 4 7 6abe30
5 4 7 6abe30
6 4 7 6abe30
8 4 7 6abe30
9 4 7 6abe30
0 5 7 6abe30
1 5 7 6abe30
2 5 7 6abe30
4 5 7 6abe30
5 5 7 6abe30
6 5 7 6abe30
8 5 7 6abe30
9 5 7 6abe30
10 5 7 6abe30
1 6 7 6abe30
4 6 7 6abe30
5 6 7 6abe30
6 6 7 6abe30
8 6 7 6abe30
9 6 7 6abe30
5 4 8 6abe30
9 4 8 6abe30
1 5 8 6abe30
4 5 8 6abe30
5 5 8 6abe30
6 5 8 6abe30
8 5 8 6abe30
9 5 8 6abe30
5 6 8 6abe30
9 6 8 6abe30
5 4 9 6abe30
4 5 9 6abe30
5 5 9 6abe30
6 5 9 6abe30
9 5 9 6abe30
5 6 9 6abe30
5 5 10 6abe30
