# Goxel 0.10.6
# One line per voxel
# X Y Z RRGGBB
5 5 0 8f563b
5 5 1 8f563b
4 2 2 4b692f
5 2 2 4b692f
6 2 2 4b692f
3 3 2 4b692f
4 3 2 4b692f
5 3 2 4b692f
6 3 2 4b692f
7 3 2 4b692f
2 4 2 4b692f
3 4 2 4b692f
4 4 2 4b692f
5 4 2 4b692f
6 4 2 4b692f
7 4 2 4b692f
8 4 2 4b692f
2 5 2 4b692f
3 5 2 4b692f
4 5 2 4b692f
5 5 2 4b692f
6 5 2 4b692f
7 5 2 4b692f
8 5 2 4b692f
2 6 2 4b692f
3 6 2 4b692f
4 6 2 4b692f
5 6 2 4b692f
6 6 2 4b692f
7 6 2 4b692f
8 6 2 4b692f
3 7 2 4b692f
4 7 2 4b692f
5 7 2 4b692f
6 7 2 4b692f
7 7 2 4b692f
4 8 2 4b692f
5 8 2 4b692f
6 8 2 4b692f
5 3 3 4b692f
4 4 3 4b692f
5 4 3 4b692f
6 4 3 4b692f
3 5 3 4b692f
4 5 3 4b692f
5 5 3 4b692f
6 5 3 4b692f
7 5 3 4b692f
4 6 3 4b692f
5 6 3 4b692f
6 6 3 4b692f
5 7 3 4b692f
5 5 4 8f563b
4 3 5 4b692f
5 3 5 4b692f
6 3 5 4b692f
3 4 5 4b692f
4 4 5 4b692f
5 4 5 4b692f
6 4 5 4b692f
7 4 5 4b692f
3 5 5 4b692f
4 5 5 4b692f
5 5 5 4b692f
6 5 5 4b692f
7 5 5 4b692f
3 6 5 4b692f
4 6 5 4b692f
5 6 5 4b692f
6 6 5 4b692f
7 6 5 4b692f
4 7 5 4b692f
5 7 5 4b692f
6 7 5 4b692f
4 4 6 4b692f
5 4 6 4b692f
6 4 6 4b692f
4 5 6 4b692f
5 5 6 4b692f
6 5 6 4b692f
4 6 6 4b692f
5 6 6 4b692f
6 6 6 4b692f
5 5 7 8f563b
4 4 8 4b692f
5 4 8 4b692f
6 4 8 4b692f
4 5 8 4b692f
5 5 8 4b692f
6 5 8 4b692f
4 6 8 4b692f
5 6 8 4b692f
6 6 8 4b692f
5 4 9 4b692f
4 5 9 4b692f
5 5 9 4b692f
6 5 9 4b692f
5 6 9 4b692f
5 5 10 4b692f
