# Goxel 0.10.6
# One line per voxel
# X Y Z RRGGBB
4 4 0 df7126
5 4 0 df7126
6 4 0 df7126
4 5 0 df7126
5 5 0 df7126
6 5 0 df7126
4 6 0 df7126
5 6 0 df7126
6 6 0 df7126
4 3 1 df7126
5 3 1 df7126
6 3 1 df7126
3 4 1 df7126
4 4 1 df7126
5 4 1 df7126
6 4 1 df7126
7 4 1 df7126
3 5 1 df7126
4 5 1 df7126
5 5 1 df7126
6 5 1 df7126
7 5 1 df7126
3 6 1 df7126
4 6 1 df7126
5 6 1 df7126
6 6 1 df7126
7 6 1 df7126
4 7 1 df7126
5 7 1 df7126
6 7 1 df7126
4 3 2 d9a066
5 3 2 df7126
6 3 2 d9a066
3 4 2 d9a066
4 4 2 df7126
5 4 2 df7126
6 4 2 df7126
7 4 2 d9a066
3 5 2 df7126
4 5 2 df7126
5 5 2 df7126
6 5 2 df7126
7 5 2 df7126
3 6 2 d9a066
4 6 2 df7126
5 6 2 df7126
6 6 2 df7126
7 6 2 d9a066
4 7 2 d9a066
5 7 2 df7126
6 7 2 d9a066
4 3 3 df7126
5 3 3 df7126
6 3 3 df7126
3 4 3 df7126
4 4 3 df7126
5 4 3 df7126
6 4 3 df7126
7 4 3 df7126
3 5 3 df7126
4 5 3 df7126
5 5 3 df7126
6 5 3 df7126
7 5 3 df7126
3 6 3 df7126
4 6 3 df7126
5 6 3 df7126
6 6 3 df7126
7 6 3 df7126
4 7 3 df7126
5 7 3 df7126
6 7 3 df7126
4 3 4 d9a066
5 3 4 df7126
6 3 4 d9a066
3 4 4 d9a066
4 4 4 df7126
5 4 4 df7126
6 4 4 df7126
7 4 4 d9a066
3 5 4 df7126
4 5 4 df7126
5 5 4 df7126
6 5 4 df7126
7 5 4 df7126
3 6 4 d9a066
4 6 4 df7126
5 6 4 df7126
6 6 4 df7126
7 6 4 d9a066
4 7 4 d9a066
5 7 4 df7126
6 7 4 d9a066
4 3 5 df7126
5 3 5 df7126
6 3 5 df7126
3 4 5 df7126
4 4 5 df7126
5 4 5 df7126
6 4 5 df7126
7 4 5 df7126
3 5 5 df7126
4 5 5 df7126
5 5 5 df7126
6 5 5 df7126
7 5 5 df7126
3 6 5 df7126
4 6 5 df7126
5 6 5 df7126
6 6 5 df7126
7 6 5 df7126
4 7 5 df7126
5 7 5 df7126
6 7 5 df7126
4 3 6 d9a066
5 3 6 df7126
6 3 6 d9a066
3 4 6 d9a066
4 4 6 df7126
5 4 6 df7126
6 4 6 df7126
7 4 6 d9a066
3 5 6 df7126
4 5 6 df7126
5 5 6 df7126
6 5 6 df7126
7 5 6 df7126
3 6 6 d9a066
4 6 6 df7126
5 6 6 df7126
6 6 6 df7126
7 6 6 d9a066
4 7 6 d9a066
5 7 6 df7126
6 7 6 d9a066
5 4 7 37946e
4 5 7 37946e
5 5 7 37946e
6 5 7 37946e
5 6 7 37946e
4 3 8 37946e
5 3 8 37946e
6 3 8 37946e
3 4 8 37946e
4 4 8 37946e
5 4 8 37946e
6 4 8 37946e
7 4 8 37946e
3 5 8 37946e
4 5 8 37946e
5 5 8 37946e
6 5 8 37946e
7 5 8 37946e
3 6 8 37946e
4 6 8 37946e
5 6 8 37946e
6 6 8 37946e
7 6 8 37946e
4 7 8 37946e
5 7 8 37946e
6 7 8 37946e
5 3 9 37946e
4 4 9 37946e
5 4 9 37946e
6 4 9 37946e
3 5 9 37946e
4 5 9 37946e
6 5 9 37946e
7 5 9 37946e
4 6 9 37946e
5 6 9 37946e
6 6 9 37946e
5 7 9 37946e
6 3 10 37946e
3 4 10 37946e
5 4 10 37946e
4 5 10 37946e
6 5 10 37946e
5 6 10 37946e
7 6 10 37946e
4 7 10 37946e
