# Goxel 0.10.6
# One line per voxel
# X Y Z RRGGBB
5 5 0 76428a
5 4 1 76428a
4 5 1 76428a
5 5 1 76428a
6 5 1 76428a
5 6 1 76428a
4 4 2 76428a
5 4 2 76428a
6 4 2 76428a
4 5 2 76428a
5 5 2 76428a
6 5 2 76428a
4 6 2 76428a
5 6 2 76428a
6 6 2 76428a
4 3 3 76428a
5 3 3 76428a
6 3 3 76428a
3 4 3 76428a
4 4 3 76428a
5 4 3 76428a
6 4 3 76428a
7 4 3 76428a
3 5 3 76428a
4 5 3 76428a
5 5 3 76428a
6 5 3 76428a
7 5 3 76428a
3 6 3 76428a
4 6 3 76428a
5 6 3 76428a
6 6 3 76428a
7 6 3 76428a
4 7 3 76428a
5 7 3 76428a
6 7 3 76428a
5 2 4 76428a
4 3 4 76428a
5 3 4 76428a
6 3 4 76428a
3 4 4 76428a
4 4 4 76428a
5 4 4 76428a
6 4 4 76428a
7 4 4 76428a
2 5 4 76428a
3 5 4 76428a
4 5 4 76428a
5 5 4 76428a
6 5 4 76428a
7 5 4 76428a
8 5 4 76428a
3 6 4 76428a
4 6 4 76428a
5 6 4 76428a
6 6 4 76428a
7 6 4 76428a
4 7 4 76428a
5 7 4 76428a
6 7 4 76428a
5 8 4 76428a
4 2 5 76428a
5 2 5 76428a
6 2 5 76428a
3 3 5 76428a
4 3 5 76428a
5 3 5 76428a
6 3 5 76428a
7 3 5 76428a
2 4 5 76428a
3 4 5 76428a
4 4 5 76428a
5 4 5 76428a
6 4 5 76428a
7 4 5 76428a
8 4 5 76428a
2 5 5 76428a
3 5 5 76428a
4 5 5 76428a
5 5 5 76428a
6 5 5 76428a
7 5 5 76428a
8 5 5 76428a
2 6 5 76428a
3 6 5 76428a
4 6 5 76428a
5 6 5 76428a
6 6 5 76428a
7 6 5 76428a
8 6 5 76428a
3 7 5 76428a
4 7 5 76428a
5 7 5 76428a
6 7 5 76428a
7 7 5 76428a
4 8 5 76428a
5 8 5 76428a
6 8 5 76428a
4 2 6 76428a
5 2 6 76428a
6 2 6 76428a
3 3 6 76428a
4 3 6 76428a
5 3 6 76428a
6 3 6 76428a
7 3 6 76428a
2 4 6 76428a
3 4 6 76428a
4 4 6 76428a
5 4 6 76428a
6 4 6 76428a
7 4 6 76428a
8 4 6 76428a
2 5 6 76428a
3 5 6 76428a
4 5 6 76428a
5 5 6 76428a
6 5 6 76428a
7 5 6 76428a
8 5 6 76428a
2 6 6 76428a
3 6 6 76428a
4 6 6 76428a
5 6 6 76428a
6 6 6 76428a
7 6 6 76428a
8 6 6 76428a
3 7 6 76428a
4 7 6 76428a
5 7 6 76428a
6 7 6 76428a
7 7 6 76428a
4 8 6 76428a
5 8 6 76428a
6 8 6 76428a
5 2 7 76428a
4 3 7 76428a
5 3 7 76428a
6 3 7 76428a
3 4 7 76428a
4 4 7 76428a
5 4 7 76428a
6 4 7 76428a
7 4 7 76428a
2 5 7 76428a
3 5 7 76428a
4 5 7 76428a
5 5 7 76428a
6 5 7 76428a
7 5 7 76428a
8 5 7 76428a
3 6 7 76428a
4 6 7 76428a
5 6 7 76428a
6 6 7 76428a
7 6 7 76428a
4 7 7 76428a
5 7 7 76428a
6 7 7 76428a
5 8 7 76428a
4 4 8 76428a
5 4 8 76428a
6 4 8 76428a
4 5 8 76428a
5 5 8 76428a
6 5 8 76428a
4 6 8 76428a
5 6 8 76428a
6 6 8 76428a
5 5 9 4b692f
5 5 10 4b692f
6 5 10 4b692f
