# Goxel 0.10.6
# One line per voxel
# X Y Z RRGGBB
5 5 0 76428a
5 4 1 76428a
4 5 1 76428a
5 5 1 76428a
6 5 1 76428a
5 6 1 76428a
5 4 2 76428a
4 5 2 76428a
5 5 2 76428a
6 5 2 76428a
5 6 2 76428a
4 4 3 76428a
5 4 3 76428a
6 4 3 76428a
4 5 3 76428a
5 5 3 76428a
6 5 3 76428a
4 6 3 76428a
5 6 3 76428a
6 6 3 76428a
4 4 4 76428a
5 4 4 76428a
6 4 4 76428a
4 5 4 76428a
5 5 4 76428a
6 5 4 76428a
4 6 4 76428a
5 6 4 76428a
6 6 4 76428a
4 4 5 76428a
5 4 5 76428a
6 4 5 76428a
4 5 5 76428a
5 5 5 76428a
6 5 5 76428a
4 6 5 76428a
5 6 5 76428a
6 6 5 76428a
4 4 6 76428a
5 4 6 76428a
6 4 6 76428a
4 5 6 76428a
5 5 6 76428a
6 5 6 76428a
4 6 6 76428a
5 6 6 76428a
6 6 6 76428a
4 4 7 76428a
5 4 7 76428a
6 4 7 76428a
4 5 7 76428a
5 5 7 76428a
6 5 7 76428a
4 6 7 76428a
5 6 7 76428a
6 6 7 76428a
4 4 8 4b692f
5 4 8 76428a
6 4 8 4b692f
4 5 8 76428a
5 5 8 76428a
6 5 8 76428a
4 6 8 4b692f
5 6 8 76428a
6 6 8 4b692f
4 4 9 4b692f
5 4 9 4b692f
6 4 9 4b692f
4 5 9 4b692f
5 5 9 4b692f
6 5 9 4b692f
4 6 9 4b692f
5 6 9 4b692f
6 6 9 4b692f
5 5 10 4b692f
