# Goxel 0.10.6
# One line per voxel
# X Y Z RRGGBB
4 4 0 8f563b
5 4 0 8f563b
6 4 0 8f563b
4 5 0 8f563b
5 5 0 8f563b
6 5 0 8f563b
4 6 0 8f563b
5 6 0 8f563b
6 6 0 8f563b
5 4 1 8f563b
4 5 1 8f563b
5 5 1 8f563b
6 5 1 8f563b
5 6 1 8f563b
5 4 2 8f563b
4 5 2 8f563b
5 5 2 8f563b
6 5 2 8f563b
5 6 2 8f563b
5 4 3 8f563b
4 5 3 8f563b
5 5 3 8f563b
6 5 3 8f563b
7 5 3 8f563b
5 6 3 8f563b
8 6 3 37946e
5 4 4 8f563b
3 5 4 8f563b
4 5 4 8f563b
5 5 4 8f563b
7 5 4 8f563b
8 5 4 8f563b
9 5 4 37946e
5 6 4 8f563b
6 6 4 37946e
7 6 4 37946e
5 7 4 8f563b
7 7 4 37946e
8 7 4 37946e
3 2 5 37946e
4 2 5 37946e
5 2 5 37946e
1 3 5 37946e
2 3 5 37946e
3 3 5 37946e
4 3 5 37946e
5 3 5 37946e
6 3 5 37946e
7 3 5 37946e
1 4 5 37946e
2 4 5 37946e
3 4 5 37946e
4 4 5 37946e
5 4 5 8f563b
6 4 5 37946e
7 4 5 37946e
2 5 5 37946e
3 5 5 8f563b
4 5 5 37946e
5 5 5 37946e
6 5 5 37946e
7 5 5 37946e
8 5 5 37946e
3 6 5 37946e
4 6 5 37946e
5 6 5 37946e
6 6 5 37946e
7 6 5 37946e
9 6 5 37946e
3 7 5 37946e
4 7 5 37946e
5 7 5 8f563b
6 7 5 37946e
7 7 5 37946e
5 8 5 37946e
6 8 5 37946e
6 1 6 37946e
4 2 6 37946e
5 2 6 37946e
6 2 6 37946e
2 3 6 37946e
3 3 6 37946e
4 3 6 37946e
5 3 6 37946e
6 3 6 37946e
7 3 6 37946e
1 4 6 37946e
2 4 6 37946e
3 4 6 37946e
4 4 6 37946e
5 4 6 8f563b
6 4 6 37946e
7 4 6 37946e
8 4 6 37946e
9 4 6 37946e
1 5 6 37946e
2 5 6 37946e
3 5 6 8f563b
4 5 6 37946e
5 5 6 37946e
6 5 6 37946e
7 5 6 37946e
8 5 6 37946e
3 6 6 37946e
4 6 6 37946e
5 6 6 37946e
6 6 6 37946e
7 6 6 37946e
8 6 6 37946e
3 7 6 37946e
4 7 6 37946e
5 7 6 8f563b
6 7 6 37946e
7 7 6 37946e
8 7 6 37946e
4 8 6 37946e
5 8 6 37946e
7 8 6 37946e
4 2 7 37946e
5 2 7 37946e
6 2 7 37946e
7 2 7 37946e
2 3 7 37946e
3 3 7 37946e
4 3 7 37946e
5 3 7 37946e
6 3 7 37946e
7 3 7 37946e
2 4 7 37946e
3 4 7 37946e
4 4 7 37946e
5 4 7 8f563b
6 4 7 37946e
7 4 7 37946e
8 4 7 37946e
2 5 7 37946e
3 5 7 37946e
4 5 7 37946e
5 5 7 37946e
6 5 7 37946e
7 5 7 37946e
8 5 7 37946e
2 6 7 37946e
3 6 7 37946e
4 6 7 37946e
5 6 7 37946e
6 6 7 37946e
7 6 7 37946e
8 6 7 37946e
9 6 7 37946e
3 7 7 37946e
4 7 7 37946e
5 7 7 37946e
6 7 7 37946e
7 7 7 37946e
5 8 7 37946e
6 8 7 37946e
7 2 8 37946e
4 3 8 37946e
5 3 8 37946e
6 3 8 37946e
7 3 8 37946e
3 4 8 37946e
4 4 8 37946e
5 4 8 37946e
6 4 8 37946e
7 4 8 37946e
2 5 8 37946e
3 5 8 37946e
4 5 8 37946e
5 5 8 37946e
6 5 8 37946e
7 5 8 37946e
8 5 8 37946e
2 6 8 37946e
3 6 8 37946e
4 6 8 37946e
5 6 8 37946e
6 6 8 37946e
7 6 8 37946e
8 6 8 37946e
3 7 8 37946e
7 7 8 37946e
8 7 8 37946e
5 2 9 37946e
4 3 9 37946e
5 3 9 37946e
4 4 9 37946e
5 4 9 37946e
6 4 9 37946e
5 5 9 37946e
6 5 9 37946e
7 5 9 37946e
5 6 9 37946e
6 6 9 37946e
7 6 9 37946e
5 3 10 37946e
5 4 10 37946e
5 5 10 37946e
7 5 10 37946e
6 6 10 37946e
