# Goxel 0.10.6
# One line per voxel
# X Y Z RRGGBB
5 5 0 8f563b
5 5 1 8f563b
5 5 2 8f563b
4 4 3 37946e
5 4 3 37946e
6 4 3 37946e
4 5 3 37946e
5 5 3 37946e
6 5 3 37946e
4 6 3 37946e
5 6 3 37946e
6 6 3 37946e
4 3 4 37946e
5 3 4 37946e
6 3 4 37946e
3 4 4 37946e
4 4 4 37946e
5 4 4 37946e
6 4 4 37946e
7 4 4 37946e
3 5 4 37946e
4 5 4 37946e
5 5 4 37946e
6 5 4 37946e
7 5 4 37946e
3 6 4 37946e
4 6 4 37946e
5 6 4 37946e
6 6 4 37946e
7 6 4 37946e
4 7 4 37946e
5 7 4 37946e
6 7 4 37946e
4 2 5 37946e
5 2 5 37946e
6 2 5 37946e
3 3 5 37946e
4 3 5 37946e
5 3 5 37946e
6 3 5 37946e
7 3 5 37946e
2 4 5 37946e
3 4 5 37946e
4 4 5 37946e
5 4 5 37946e
6 4 5 37946e
7 4 5 37946e
8 4 5 37946e
2 5 5 37946e
3 5 5 37946e
4 5 5 37946e
5 5 5 37946e
6 5 5 37946e
7 5 5 37946e
8 5 5 37946e
2 6 5 37946e
3 6 5 37946e
4 6 5 37946e
5 6 5 37946e
6 6 5 37946e
7 6 5 37946e
8 6 5 37946e
3 7 5 37946e
4 7 5 37946e
5 7 5 37946e
6 7 5 37946e
7 7 5 37946e
4 8 5 37946e
5 8 5 37946e
6 8 5 37946e
4 3 6 37946e
5 3 6 37946e
6 3 6 37946e
3 4 6 37946e
4 4 6 37946e
5 4 6 37946e
6 4 6 37946e
7 4 6 37946e
3 5 6 37946e
4 5 6 37946e
5 5 6 37946e
6 5 6 37946e
7 5 6 37946e
3 6 6 37946e
4 6 6 37946e
5 6 6 37946e
6 6 6 37946e
7 6 6 37946e
4 7 6 37946e
5 7 6 37946e
6 7 6 37946e
5 3 7 37946e
4 4 7 37946e
5 4 7 37946e
6 4 7 37946e
3 5 7 37946e
4 5 7 37946e
5 5 7 37946e
6 5 7 37946e
7 5 7 37946e
4 6 7 37946e
5 6 7 37946e
6 6 7 37946e
5 7 7 37946e
5 4 8 37946e
4 5 8 37946e
5 5 8 37946e
6 5 8 37946e
5 6 8 37946e
