# Goxel 0.10.6
# One line per voxel
# X Y Z RRGGBB
3 5 0 847e87
4 5 0 847e87
6 5 0 847e87
7 5 0 847e87
3 6 0 847e87
4 6 0 847e87
6 6 0 847e87
7 6 0 847e87
3 5 1 663931
4 5 1 663931
5 5 1 663931
6 5 1 663931
7 5 1 663931
3 6 1 663931
4 6 1 663931
5 6 1 663931
6 6 1 663931
7 6 1 663931
3 4 2 663931
4 4 2 663931
5 4 2 663931
6 4 2 663931
7 4 2 663931
3 5 2 663931
4 5 2 663931
5 5 2 663931
6 5 2 663931
7 5 2 663931
2 6 2 eec39a
3 6 2 663931
4 6 2 663931
5 6 2 663931
6 6 2 663931
7 6 2 663931
8 6 2 eec39a
3 7 2 663931
4 7 2 663931
5 7 2 663931
6 7 2 663931
7 7 2 663931
3 8 2 663931
4 8 2 663931
5 8 2 663931
6 8 2 663931
7 8 2 663931
3 4 3 fbf236
4 4 3 fbf236
5 4 3 847e87
6 4 3 fbf236
7 4 3 fbf236
3 5 3 fbf236
4 5 3 fbf236
5 5 3 fbf236
6 5 3 fbf236
7 5 3 fbf236
2 6 3 847e87
3 6 3 fbf236
4 6 3 fbf236
5 6 3 fbf236
6 6 3 fbf236
7 6 3 fbf236
8 6 3 847e87
3 7 3 fbf236
4 7 3 fbf236
5 7 3 fbf236
6 7 3 fbf236
7 7 3 fbf236
3 8 3 fbf236
4 8 3 fbf236
5 8 3 847e87
6 8 3 fbf236
7 8 3 fbf236
3 4 4 fbf236
4 4 4 fbf236
5 4 4 847e87
6 4 4 fbf236
7 4 4 fbf236
3 5 4 fbf236
4 5 4 fbf236
5 5 4 fbf236
6 5 4 fbf236
7 5 4 fbf236
2 6 4 847e87
3 6 4 fbf236
4 6 4 fbf236
5 6 4 fbf236
6 6 4 fbf236
7 6 4 fbf236
8 6 4 847e87
3 7 4 fbf236
4 7 4 fbf236
5 7 4 fbf236
6 7 4 fbf236
7 7 4 fbf236
3 8 4 fbf236
4 8 4 fbf236
5 8 4 847e87
6 8 4 fbf236
7 8 4 fbf236
3 4 5 fbf236
4 4 5 fbf236
5 4 5 847e87
6 4 5 fbf236
7 4 5 fbf236
3 5 5 fbf236
4 5 5 fbf236
5 5 5 fbf236
6 5 5 fbf236
7 5 5 fbf236
3 6 5 fbf236
4 6 5 fbf236
5 6 5 fbf236
6 6 5 fbf236
7 6 5 fbf236
3 7 5 fbf236
4 7 5 fbf236
5 7 5 fbf236
6 7 5 fbf236
7 7 5 fbf236
3 8 5 fbf236
4 8 5 fbf236
5 8 5 847e87
6 8 5 fbf236
7 8 5 fbf236
3 5 6 eec39a
4 5 6 eec39a
5 5 6 eec39a
6 5 6 eec39a
7 5 6 eec39a
3 6 6 eec39a
4 6 6 eec39a
5 6 6 eec39a
6 6 6 eec39a
7 6 6 eec39a
3 7 6 eec39a
4 7 6 eec39a
5 7 6 eec39a
6 7 6 eec39a
7 7 6 eec39a
3 5 7 eec39a
4 5 7 000000
5 5 7 eec39a
6 5 7 000000
7 5 7 eec39a
3 6 7 eec39a
4 6 7 eec39a
5 6 7 eec39a
6 6 7 eec39a
7 6 7 eec39a
3 7 7 eec39a
4 7 7 eec39a
5 7 7 eec39a
6 7 7 eec39a
7 7 7 eec39a
3 4 8 fbf236
4 4 8 fbf236
5 4 8 fbf236
6 4 8 fbf236
7 4 8 fbf236
3 5 8 fbf236
4 5 8 fbf236
5 5 8 fbf236
6 5 8 fbf236
7 5 8 fbf236
3 6 8 fbf236
4 6 8 fbf236
5 6 8 fbf236
6 6 8 fbf236
7 6 8 fbf236
3 7 8 fbf236
4 7 8 fbf236
5 7 8 fbf236
6 7 8 fbf236
7 7 8 fbf236
3 8 8 fbf236
4 8 8 fbf236
5 8 8 fbf236
6 8 8 fbf236
7 8 8 fbf236
3 5 9 fbf236
4 5 9 fbf236
5 5 9 fbf236
6 5 9 fbf236
7 5 9 fbf236
3 6 9 fbf236
4 6 9 fbf236
5 6 9 fbf236
6 6 9 fbf236
7 6 9 fbf236
3 7 9 fbf236
4 7 9 fbf236
5 7 9 fbf236
6 7 9 fbf236
7 7 9 fbf236
3 8 9 fbf236
4 8 9 fbf236
5 8 9 fbf236
6 8 9 fbf236
7 8 9 fbf236
4 5 10 fbf236
5 5 10 fbf236
6 5 10 fbf236
4 6 10 fbf236
5 6 10 fbf236
6 6 10 fbf236
4 7 10 fbf236
5 7 10 fbf236
6 7 10 fbf236
4 8 10 fbf236
5 8 10 fbf236
6 8 10 fbf236
