# Goxel 0.10.6
# One line per voxel
# X Y Z RRGGBB
3 5 0 000000
4 5 0 000000
6 5 0 000000
7 5 0 000000
3 6 0 000000
4 6 0 000000
6 6 0 000000
7 6 0 000000
3 5 1 663931
4 5 1 663931
5 5 1 663931
6 5 1 663931
7 5 1 663931
3 6 1 663931
4 6 1 663931
5 6 1 663931
6 6 1 663931
7 6 1 663931
3 4 2 663931
4 4 2 663931
5 4 2 663931
6 4 2 663931
7 4 2 663931
3 5 2 663931
4 5 2 663931
5 5 2 663931
6 5 2 663931
7 5 2 663931
2 6 2 eec39a
3 6 2 663931
4 6 2 663931
5 6 2 663931
6 6 2 663931
7 6 2 663931
8 6 2 eec39a
3 7 2 663931
4 7 2 663931
5 7 2 663931
6 7 2 663931
7 7 2 663931
3 8 2 663931
4 8 2 663931
5 8 2 663931
6 8 2 663931
7 8 2 663931
5 3 3 df7126
3 4 3 6abe30
4 4 3 6abe30
5 4 3 6abe30
6 4 3 6abe30
7 4 3 6abe30
3 5 3 6abe30
4 5 3 6abe30
5 5 3 6abe30
6 5 3 6abe30
7 5 3 6abe30
2 6 3 6abe30
3 6 3 6abe30
4 6 3 6abe30
5 6 3 6abe30
6 6 3 6abe30
7 6 3 6abe30
8 6 3 6abe30
3 7 3 6abe30
4 7 3 6abe30
5 7 3 6abe30
6 7 3 6abe30
7 7 3 6abe30
3 8 3 6abe30
4 8 3 6abe30
5 8 3 6abe30
6 8 3 6abe30
7 8 3 6abe30
4 3 4 df7126
5 3 4 df7126
6 3 4 df7126
3 4 4 6abe30
4 4 4 6abe30
5 4 4 6abe30
6 4 4 6abe30
7 4 4 6abe30
3 5 4 6abe30
4 5 4 6abe30
5 5 4 6abe30
6 5 4 6abe30
7 5 4 6abe30
2 6 4 6abe30
3 6 4 6abe30
4 6 4 6abe30
5 6 4 6abe30
6 6 4 6abe30
7 6 4 6abe30
8 6 4 6abe30
3 7 4 6abe30
4 7 4 6abe30
5 7 4 6abe30
6 7 4 6abe30
7 7 4 6abe30
3 8 4 6abe30
4 8 4 6abe30
5 8 4 6abe30
6 8 4 6abe30
7 8 4 6abe30
3 3 5 df7126
4 3 5 df7126
5 3 5 df7126
6 3 5 df7126
7 3 5 df7126
2 4 5 df7126
3 4 5 df7126
4 4 5 df7126
5 4 5 df7126
6 4 5 df7126
7 4 5 df7126
8 4 5 df7126
2 5 5 df7126
3 5 5 eec39a
4 5 5 eec39a
5 5 5 eec39a
6 5 5 eec39a
7 5 5 eec39a
8 5 5 df7126
2 6 5 df7126
3 6 5 eec39a
4 6 5 eec39a
5 6 5 eec39a
6 6 5 eec39a
7 6 5 eec39a
8 6 5 df7126
2 7 5 df7126
3 7 5 eec39a
4 7 5 eec39a
5 7 5 eec39a
6 7 5 eec39a
7 7 5 eec39a
8 7 5 df7126
2 8 5 df7126
3 8 5 df7126
4 8 5 df7126
5 8 5 df7126
6 8 5 df7126
7 8 5 df7126
8 8 5 df7126
2 4 6 df7126
8 4 6 df7126
2 5 6 df7126
3 5 6 eec39a
4 5 6 eec39a
5 5 6 eec39a
6 5 6 eec39a
7 5 6 eec39a
8 5 6 df7126
2 6 6 eec39a
3 6 6 eec39a
4 6 6 eec39a
5 6 6 eec39a
6 6 6 eec39a
7 6 6 eec39a
8 6 6 eec39a
2 7 6 df7126
3 7 6 eec39a
4 7 6 eec39a
5 7 6 eec39a
6 7 6 eec39a
7 7 6 eec39a
8 7 6 df7126
2 8 6 df7126
3 8 6 df7126
4 8 6 df7126
5 8 6 df7126
6 8 6 df7126
7 8 6 df7126
8 8 6 df7126
2 5 7 df7126
3 5 7 eec39a
4 5 7 000000
5 5 7 eec39a
6 5 7 000000
7 5 7 eec39a
8 5 7 df7126
2 6 7 df7126
3 6 7 eec39a
4 6 7 eec39a
5 6 7 eec39a
6 6 7 eec39a
7 6 7 eec39a
8 6 7 df7126
2 7 7 df7126
3 7 7 eec39a
4 7 7 eec39a
5 7 7 eec39a
6 7 7 eec39a
7 7 7 eec39a
8 7 7 df7126
2 8 7 df7126
3 8 7 df7126
4 8 7 df7126
5 8 7 df7126
6 8 7 df7126
7 8 7 df7126
8 8 7 df7126
2 5 8 df7126
3 5 8 eec39a
4 5 8 eec39a
5 5 8 eec39a
6 5 8 eec39a
7 5 8 eec39a
8 5 8 df7126
2 6 8 df7126
3 6 8 eec39a
4 6 8 eec39a
5 6 8 eec39a
6 6 8 eec39a
7 6 8 eec39a
8 6 8 df7126
2 7 8 df7126
3 7 8 eec39a
4 7 8 eec39a
5 7 8 eec39a
6 7 8 eec39a
7 7 8 eec39a
8 7 8 df7126
3 8 8 df7126
4 8 8 df7126
5 8 8 df7126
6 8 8 df7126
7 8 8 df7126
3 4 9 df7126
4 4 9 df7126
6 4 9 df7126
7 4 9 df7126
3 5 9 df7126
4 5 9 df7126
5 5 9 df7126
6 5 9 df7126
7 5 9 df7126
3 6 9 df7126
4 6 9 df7126
5 6 9 df7126
6 6 9 df7126
7 6 9 df7126
3 7 9 df7126
4 7 9 df7126
5 7 9 df7126
6 7 9 df7126
7 7 9 df7126
4 5 10 df7126
5 5 10 df7126
6 5 10 df7126
4 6 10 df7126
5 6 10 df7126
6 6 10 df7126
