# Goxel 0.10.6
# One line per voxel
# X Y Z RRGGBB
3 5 0 595652
4 5 0 595652
6 5 0 595652
7 5 0 595652
3 6 0 595652
4 6 0 595652
6 6 0 595652
7 6 0 595652
3 5 1 847e87
4 5 1 847e87
5 5 1 847e87
6 5 1 847e87
7 5 1 847e87
3 6 1 847e87
4 6 1 847e87
5 6 1 847e87
6 6 1 847e87
7 6 1 847e87
3 4 2 847e87
4 4 2 847e87
5 4 2 847e87
6 4 2 847e87
7 4 2 847e87
3 5 2 847e87
4 5 2 847e87
5 5 2 847e87
6 5 2 847e87
7 5 2 847e87
2 6 2 eec39a
3 6 2 847e87
4 6 2 847e87
5 6 2 847e87
6 6 2 847e87
7 6 2 847e87
8 6 2 eec39a
3 7 2 847e87
4 7 2 847e87
5 7 2 847e87
6 7 2 847e87
7 7 2 847e87
3 8 2 847e87
4 8 2 847e87
5 8 2 847e87
6 8 2 847e87
7 8 2 847e87
3 4 3 595652
4 4 3 595652
5 4 3 847e87
6 4 3 595652
7 4 3 595652
3 5 3 595652
4 5 3 595652
5 5 3 595652
6 5 3 595652
7 5 3 595652
2 6 3 595652
3 6 3 595652
4 6 3 595652
5 6 3 595652
6 6 3 595652
7 6 3 595652
8 6 3 595652
3 7 3 595652
4 7 3 595652
5 7 3 595652
6 7 3 595652
7 7 3 595652
3 8 3 595652
4 8 3 595652
5 8 3 595652
6 8 3 595652
7 8 3 595652
3 4 4 595652
4 4 4 847e87
5 4 4 ffffff
6 4 4 847e87
7 4 4 595652
3 5 4 595652
4 5 4 595652
5 5 4 595652
6 5 4 595652
7 5 4 595652
2 6 4 595652
3 6 4 595652
4 6 4 595652
5 6 4 595652
6 6 4 595652
7 6 4 595652
8 6 4 595652
3 7 4 595652
4 7 4 595652
5 7 4 595652
6 7 4 595652
7 7 4 595652
3 8 4 595652
4 8 4 595652
5 8 4 595652
6 8 4 595652
7 8 4 595652
3 4 5 595652
4 4 5 847e87
5 4 5 ffffff
6 4 5 ffffff
7 4 5 847e87
3 5 5 595652
4 5 5 595652
5 5 5 595652
6 5 5 595652
7 5 5 595652
3 6 5 595652
4 6 5 595652
5 6 5 595652
6 6 5 595652
7 6 5 595652
3 7 5 595652
4 7 5 595652
5 7 5 595652
6 7 5 595652
7 7 5 595652
3 8 5 595652
4 8 5 595652
5 8 5 595652
6 8 5 595652
7 8 5 595652
3 5 6 eec39a
4 5 6 eec39a
5 5 6 eec39a
6 5 6 eec39a
7 5 6 eec39a
3 6 6 eec39a
4 6 6 eec39a
5 6 6 eec39a
6 6 6 eec39a
7 6 6 eec39a
3 7 6 eec39a
4 7 6 eec39a
5 7 6 eec39a
6 7 6 eec39a
7 7 6 eec39a
3 5 7 eec39a
4 5 7 595652
5 5 7 eec39a
6 5 7 595652
7 5 7 eec39a
2 6 7 eec39a
3 6 7 eec39a
4 6 7 eec39a
5 6 7 eec39a
6 6 7 eec39a
7 6 7 eec39a
8 6 7 eec39a
2 7 7 595652
3 7 7 eec39a
4 7 7 eec39a
5 7 7 eec39a
6 7 7 eec39a
7 7 7 eec39a
8 7 7 595652
3 4 8 595652
7 4 8 595652
2 5 8 595652
3 5 8 eec39a
4 5 8 eec39a
5 5 8 eec39a
6 5 8 eec39a
7 5 8 eec39a
8 5 8 595652
2 6 8 595652
3 6 8 eec39a
4 6 8 eec39a
5 6 8 eec39a
6 6 8 eec39a
7 6 8 eec39a
8 6 8 595652
2 7 8 595652
3 7 8 eec39a
4 7 8 eec39a
5 7 8 eec39a
6 7 8 eec39a
7 7 8 eec39a
8 7 8 595652
3 8 8 595652
4 8 8 595652
5 8 8 595652
6 8 8 595652
7 8 8 595652
3 5 9 595652
7 5 9 595652
3 6 9 595652
4 6 9 595652
6 6 9 595652
7 6 9 595652
3 7 9 595652
4 7 9 595652
5 7 9 595652
6 7 9 595652
7 7 9 595652
5 8 9 595652
