# Goxel 0.10.6
# One line per voxel
# X Y Z RRGGBB
3 5 0 847e87
4 5 0 847e87
6 5 0 847e87
7 5 0 847e87
3 6 0 847e87
4 6 0 847e87
6 6 0 847e87
7 6 0 847e87
3 5 1 45283c
4 5 1 45283c
5 5 1 45283c
6 5 1 45283c
7 5 1 45283c
3 6 1 45283c
4 6 1 45283c
5 6 1 45283c
6 6 1 45283c
7 6 1 45283c
3 4 2 45283c
4 4 2 45283c
5 4 2 45283c
6 4 2 45283c
7 4 2 45283c
3 5 2 45283c
4 5 2 45283c
5 5 2 45283c
6 5 2 45283c
7 5 2 45283c
2 6 2 eec39a
3 6 2 45283c
4 6 2 45283c
5 6 2 45283c
6 6 2 45283c
7 6 2 45283c
8 6 2 eec39a
3 7 2 45283c
4 7 2 45283c
5 7 2 45283c
6 7 2 45283c
7 7 2 45283c
3 8 2 45283c
4 8 2 45283c
5 8 2 45283c
6 8 2 45283c
7 8 2 45283c
3 4 3 ac3232
4 4 3 ac3232
5 4 3 45283c
6 4 3 ac3232
7 4 3 ac3232
3 5 3 ac3232
4 5 3 ac3232
5 5 3 ac3232
6 5 3 ac3232
7 5 3 ac3232
2 6 3 45283c
3 6 3 ac3232
4 6 3 ac3232
5 6 3 ac3232
6 6 3 ac3232
7 6 3 ac3232
8 6 3 45283c
3 7 3 ac3232
4 7 3 ac3232
5 7 3 ac3232
6 7 3 ac3232
7 7 3 ac3232
3 8 3 ac3232
4 8 3 ac3232
5 8 3 ac3232
6 8 3 ac3232
7 8 3 ac3232
3 4 4 ac3232
4 4 4 45283c
5 4 4 45283c
6 4 4 45283c
7 4 4 ac3232
3 5 4 ac3232
4 5 4 ac3232
5 5 4 ac3232
6 5 4 ac3232
7 5 4 ac3232
2 6 4 45283c
3 6 4 ac3232
4 6 4 ac3232
5 6 4 ac3232
6 6 4 ac3232
7 6 4 ac3232
8 6 4 45283c
3 7 4 ac3232
4 7 4 ac3232
5 7 4 ac3232
6 7 4 ac3232
7 7 4 ac3232
3 8 4 ac3232
4 8 4 ac3232
5 8 4 ac3232
6 8 4 ac3232
7 8 4 ac3232
3 5 5 eec39a
4 5 5 eec39a
5 5 5 eec39a
6 5 5 eec39a
7 5 5 eec39a
3 6 5 eec39a
4 6 5 eec39a
5 6 5 eec39a
6 6 5 eec39a
7 6 5 eec39a
3 7 5 eec39a
4 7 5 eec39a
5 7 5 eec39a
6 7 5 eec39a
7 7 5 eec39a
3 5 6 eec39a
4 5 6 847e87
5 5 6 eec39a
6 5 6 847e87
7 5 6 eec39a
2 6 6 eec39a
3 6 6 eec39a
4 6 6 eec39a
5 6 6 eec39a
6 6 6 eec39a
7 6 6 eec39a
8 6 6 eec39a
3 7 6 eec39a
4 7 6 eec39a
5 7 6 eec39a
6 7 6 eec39a
7 7 6 eec39a
2 5 7 847e87
3 5 7 eec39a
4 5 7 eec39a
5 5 7 eec39a
6 5 7 eec39a
7 5 7 eec39a
8 5 7 847e87
2 6 7 847e87
3 6 7 eec39a
4 6 7 eec39a
5 6 7 eec39a
6 6 7 eec39a
7 6 7 eec39a
8 6 7 847e87
2 7 7 847e87
3 7 7 eec39a
4 7 7 eec39a
5 7 7 eec39a
6 7 7 eec39a
7 7 7 eec39a
8 7 7 847e87
2 4 8 45283c
3 4 8 45283c
4 4 8 45283c
5 4 8 45283c
6 4 8 45283c
7 4 8 45283c
8 4 8 45283c
2 5 8 45283c
3 5 8 45283c
4 5 8 45283c
5 5 8 45283c
6 5 8 45283c
7 5 8 45283c
8 5 8 45283c
2 6 8 45283c
3 6 8 45283c
4 6 8 45283c
5 6 8 45283c
6 6 8 45283c
7 6 8 45283c
8 6 8 45283c
2 7 8 45283c
3 7 8 45283c
4 7 8 45283c
5 7 8 45283c
6 7 8 45283c
7 7 8 45283c
8 7 8 45283c
2 8 8 45283c
3 8 8 45283c
4 8 8 45283c
5 8 8 45283c
6 8 8 45283c
7 8 8 45283c
8 8 8 45283c
3 5 9 45283c
4 5 9 45283c
5 5 9 45283c
6 5 9 45283c
7 5 9 45283c
3 6 9 45283c
4 6 9 45283c
5 6 9 45283c
6 6 9 45283c
7 6 9 45283c
4 7 9 45283c
5 7 9 45283c
6 7 9 45283c
5 5 10 45283c
4 6 10 45283c
5 6 10 45283c
6 6 10 45283c
5 7 10 45283c
