# Goxel 0.10.6
# One line per voxel
# X Y Z RRGGBB
4 4 0 639bff
5 4 0 639bff
6 4 0 639bff
4 5 0 639bff
5 5 0 639bff
6 5 0 639bff
4 6 0 639bff
5 6 0 639bff
6 6 0 639bff
4 3 1 639bff
5 3 1 639bff
6 3 1 639bff
3 4 1 639bff
4 4 1 8f563b
5 4 1 8f563b
6 4 1 8f563b
7 4 1 639bff
3 5 1 639bff
4 5 1 8f563b
5 5 1 8f563b
6 5 1 8f563b
7 5 1 639bff
3 6 1 639bff
4 6 1 8f563b
5 6 1 8f563b
6 6 1 8f563b
7 6 1 639bff
4 7 1 639bff
5 7 1 639bff
6 7 1 639bff
3 3 2 639bff
4 3 2 639bff
5 3 2 639bff
6 3 2 639bff
7 3 2 639bff
3 4 2 639bff
4 4 2 8f563b
5 4 2 8f563b
6 4 2 8f563b
7 4 2 639bff
3 5 2 639bff
4 5 2 8f563b
5 5 2 8f563b
6 5 2 8f563b
7 5 2 639bff
3 6 2 639bff
4 6 2 8f563b
5 6 2 8f563b
6 6 2 8f563b
7 6 2 639bff
3 7 2 639bff
4 7 2 639bff
5 7 2 639bff
6 7 2 639bff
7 7 2 639bff
3 2 3 639bff
4 2 3 639bff
5 2 3 639bff
6 2 3 639bff
7 2 3 639bff
2 3 3 639bff
3 3 3 8f563b
4 3 3 8f563b
5 3 3 8f563b
6 3 3 8f563b
7 3 3 8f563b
8 3 3 639bff
2 4 3 639bff
3 4 3 8f563b
4 4 3 8f563b
5 4 3 8f563b
6 4 3 8f563b
7 4 3 8f563b
8 4 3 639bff
2 5 3 639bff
3 5 3 8f563b
4 5 3 8f563b
5 5 3 8f563b
6 5 3 8f563b
7 5 3 8f563b
8 5 3 639bff
2 6 3 639bff
3 6 3 8f563b
4 6 3 8f563b
5 6 3 8f563b
6 6 3 8f563b
7 6 3 8f563b
8 6 3 639bff
2 7 3 639bff
3 7 3 8f563b
4 7 3 8f563b
5 7 3 8f563b
6 7 3 8f563b
7 7 3 8f563b
8 7 3 639bff
3 8 3 639bff
4 8 3 639bff
5 8 3 639bff
6 8 3 639bff
7 8 3 639bff
3 2 4 639bff
4 2 4 639bff
5 2 4 639bff
6 2 4 639bff
7 2 4 639bff
2 3 4 639bff
3 3 4 8f563b
4 3 4 8f563b
5 3 4 8f563b
6 3 4 8f563b
7 3 4 8f563b
8 3 4 639bff
2 4 4 639bff
3 4 4 8f563b
4 4 4 8f563b
5 4 4 8f563b
6 4 4 8f563b
7 4 4 8f563b
8 4 4 639bff
2 5 4 639bff
3 5 4 8f563b
4 5 4 8f563b
5 5 4 8f563b
6 5 4 8f563b
7 5 4 8f563b
8 5 4 639bff
2 6 4 639bff
3 6 4 8f563b
4 6 4 8f563b
5 6 4 8f563b
6 6 4 8f563b
7 6 4 8f563b
8 6 4 639bff
2 7 4 639bff
3 7 4 8f563b
4 7 4 8f563b
5 7 4 8f563b
6 7 4 8f563b
7 7 4 8f563b
8 7 4 639bff
3 8 4 639bff
4 8 4 639bff
5 8 4 639bff
6 8 4 639bff
7 8 4 639bff
2 2 5 639bff
3 2 5 639bff
4 2 5 639bff
5 2 5 639bff
6 2 5 639bff
7 2 5 639bff
8 2 5 639bff
2 3 5 639bff
8 3 5 639bff
2 4 5 639bff
8 4 5 639bff
2 5 5 639bff
6 5 5 37946e
8 5 5 639bff
2 6 5 639bff
8 6 5 639bff
2 7 5 639bff
8 7 5 639bff
2 8 5 639bff
3 8 5 639bff
4 8 5 639bff
5 8 5 639bff
6 8 5 639bff
7 8 5 639bff
8 8 5 639bff
5 4 6 37946e
5 5 6 37946e
5 5 7 37946e
6 6 7 37946e
4 5 8 37946e
7 6 8 37946e
4 4 9 ac3232
3 5 9 ac3232
4 5 9 ac3232
5 5 9 ac3232
4 6 9 ac3232
4 5 10 ac3232
