# Goxel 0.10.6
# One line per voxel
# X Y Z RRGGBB
2 3 0 df7126
4 3 0 df7126
6 3 0 df7126
8 3 0 df7126
2 4 0 df7126
4 4 0 df7126
6 4 0 df7126
8 4 0 df7126
2 5 0 df7126
3 5 0 df7126
4 5 0 df7126
6 5 0 df7126
7 5 0 df7126
8 5 0 df7126
2 6 0 df7126
3 6 0 df7126
4 6 0 df7126
6 6 0 df7126
7 6 0 df7126
8 6 0 df7126
3 6 1 df7126
7 6 1 df7126
3 3 2 639bff
4 3 2 cbdbfc
5 3 2 cbdbfc
6 3 2 cbdbfc
7 3 2 639bff
3 4 2 639bff
4 4 2 639bff
5 4 2 639bff
6 4 2 639bff
7 4 2 639bff
3 5 2 639bff
4 5 2 639bff
5 5 2 639bff
6 5 2 639bff
7 5 2 639bff
3 6 2 639bff
4 6 2 639bff
5 6 2 639bff
6 6 2 639bff
7 6 2 639bff
4 7 2 639bff
5 7 2 639bff
6 7 2 639bff
3 3 3 639bff
4 3 3 cbdbfc
5 3 3 cbdbfc
6 3 3 cbdbfc
7 3 3 639bff
2 4 3 639bff
3 4 3 639bff
4 4 3 639bff
5 4 3 639bff
6 4 3 639bff
7 4 3 639bff
8 4 3 639bff
2 5 3 639bff
3 5 3 639bff
4 5 3 639bff
5 5 3 639bff
6 5 3 639bff
7 5 3 639bff
8 5 3 639bff
3 6 3 639bff
4 6 3 639bff
5 6 3 639bff
6 6 3 639bff
7 6 3 639bff
3 3 4 639bff
4 3 4 cbdbfc
5 3 4 cbdbfc
6 3 4 cbdbfc
7 3 4 639bff
2 4 4 639bff
3 4 4 639bff
4 4 4 639bff
5 4 4 639bff
6 4 4 639bff
7 4 4 639bff
8 4 4 639bff
2 5 4 639bff
3 5 4 639bff
4 5 4 639bff
5 5 4 639bff
6 5 4 639bff
7 5 4 639bff
8 5 4 639bff
3 6 4 639bff
4 6 4 639bff
5 6 4 639bff
6 6 4 639bff
7 6 4 639bff
3 3 5 639bff
4 3 5 cbdbfc
5 3 5 cbdbfc
6 3 5 cbdbfc
7 3 5 639bff
2 4 5 639bff
3 4 5 639bff
4 4 5 639bff
5 4 5 639bff
6 4 5 639bff
7 4 5 639bff
8 4 5 639bff
2 5 5 639bff
3 5 5 639bff
4 5 5 639bff
5 5 5 639bff
6 5 5 639bff
7 5 5 639bff
8 5 5 639bff
3 6 5 639bff
4 6 5 639bff
5 6 5 639bff
6 6 5 639bff
7 6 5 639bff
3 3 6 639bff
4 3 6 639bff
5 3 6 639bff
6 3 6 639bff
7 3 6 639bff
3 4 6 639bff
4 4 6 639bff
5 4 6 639bff
6 4 6 639bff
7 4 6 639bff
3 5 6 639bff
4 5 6 639bff
5 5 6 639bff
6 5 6 639bff
7 5 6 639bff
3 6 6 639bff
4 6 6 639bff
5 6 6 639bff
6 6 6 639bff
7 6 6 639bff
4 1 7 df7126
5 1 7 df7126
6 1 7 df7126
4 2 7 df7126
5 2 7 df7126
6 2 7 df7126
3 3 7 639bff
4 3 7 639bff
5 3 7 639bff
6 3 7 639bff
7 3 7 639bff
3 4 7 000000
4 4 7 639bff
5 4 7 639bff
6 4 7 639bff
7 4 7 000000
3 5 7 000000
4 5 7 639bff
5 5 7 639bff
6 5 7 639bff
7 5 7 000000
3 6 7 639bff
4 6 7 639bff
5 6 7 639bff
6 6 7 639bff
7 6 7 639bff
3 3 8 639bff
4 3 8 639bff
5 3 8 639bff
6 3 8 639bff
7 3 8 639bff
3 4 8 000000
4 4 8 639bff
5 4 8 639bff
6 4 8 639bff
7 4 8 000000
3 5 8 cbdbfc
4 5 8 639bff
5 5 8 639bff
6 5 8 639bff
7 5 8 cbdbfc
3 6 8 639bff
4 6 8 639bff
5 6 8 639bff
6 6 8 639bff
7 6 8 639bff
3 3 9 639bff
4 3 9 639bff
5 3 9 639bff
6 3 9 639bff
7 3 9 639bff
3 4 9 639bff
4 4 9 639bff
5 4 9 639bff
6 4 9 639bff
7 4 9 639bff
3 5 9 639bff
4 5 9 639bff
5 5 9 639bff
6 5 9 639bff
7 5 9 639bff
3 6 9 639bff
4 6 9 639bff
5 6 9 639bff
6 6 9 639bff
7 6 9 639bff
