# Goxel 0.10.6
# One line per voxel
# X Y Z RRGGBB
4 5 0 df7126
7 5 0 df7126
4 6 0 df7126
7 6 0 df7126
4 7 0 df7126
7 7 0 df7126
4 7 1 df7126
7 7 1 df7126
4 4 2 8f563b
5 4 2 8f563b
6 4 2 8f563b
7 4 2 8f563b
4 5 2 8f563b
5 5 2 8f563b
6 5 2 8f563b
7 5 2 8f563b
4 6 2 8f563b
5 6 2 8f563b
6 6 2 8f563b
7 6 2 8f563b
4 7 2 8f563b
5 7 2 8f563b
6 7 2 8f563b
7 7 2 8f563b
5 8 2 4b692f
6 8 2 4b692f
4 4 3 8f563b
5 4 3 8f563b
6 4 3 8f563b
7 4 3 8f563b
3 5 3 8f563b
4 5 3 8f563b
5 5 3 8f563b
6 5 3 8f563b
7 5 3 8f563b
8 5 3 8f563b
3 6 3 8f563b
4 6 3 8f563b
5 6 3 8f563b
6 6 3 8f563b
7 6 3 8f563b
8 6 3 8f563b
3 7 3 8f563b
4 7 3 8f563b
5 7 3 8f563b
6 7 3 8f563b
7 7 3 8f563b
8 7 3 8f563b
5 9 3 4b692f
6 9 3 4b692f
4 4 4 8f563b
5 4 4 8f563b
6 4 4 8f563b
7 4 4 8f563b
3 5 4 8f563b
4 5 4 8f563b
5 5 4 8f563b
6 5 4 8f563b
7 5 4 8f563b
8 5 4 8f563b
3 6 4 8f563b
4 6 4 8f563b
5 6 4 8f563b
6 6 4 8f563b
7 6 4 8f563b
8 6 4 8f563b
4 7 4 8f563b
5 7 4 8f563b
6 7 4 8f563b
7 7 4 8f563b
5 4 5 8f563b
6 4 5 8f563b
4 5 5 8f563b
5 5 5 8f563b
6 5 5 8f563b
7 5 5 8f563b
4 6 5 8f563b
5 6 5 8f563b
6 6 5 8f563b
7 6 5 8f563b
5 7 5 8f563b
6 7 5 8f563b
5 3 6 8f563b
6 3 6 8f563b
5 4 6 8f563b
6 4 6 8f563b
5 5 6 8f563b
6 5 6 8f563b
5 1 7 df7126
6 1 7 df7126
4 2 7 8f563b
5 2 7 8f563b
6 2 7 8f563b
7 2 7 8f563b
4 3 7 8f563b
5 3 7 8f563b
6 3 7 8f563b
7 3 7 8f563b
5 4 7 8f563b
6 4 7 8f563b
4 2 8 000000
5 2 8 8f563b
6 2 8 8f563b
7 2 8 000000
4 3 8 8f563b
5 3 8 8f563b
6 3 8 8f563b
7 3 8 8f563b
5 4 8 8f563b
6 4 8 8f563b
5 2 9 8f563b
6 2 9 8f563b
5 3 9 8f563b
6 3 9 8f563b
