# Goxel 0.10.6
# One line per voxel
# X Y Z RRGGBB
3 0 0 cbdbfc
4 0 0 cbdbfc
5 0 0 cbdbfc
6 0 0 cbdbfc
7 0 0 cbdbfc
3 1 0 cbdbfc
4 1 0 cbdbfc
5 1 0 cbdbfc
6 1 0 cbdbfc
7 1 0 cbdbfc
3 2 0 5b6ee1
4 2 0 5b6ee1
5 2 0 5b6ee1
6 2 0 5b6ee1
7 2 0 5b6ee1
3 3 0 5b6ee1
4 3 0 5b6ee1
5 3 0 5b6ee1
6 3 0 5b6ee1
7 3 0 5b6ee1
3 4 0 5b6ee1
4 4 0 5b6ee1
5 4 0 5b6ee1
6 4 0 5b6ee1
7 4 0 5b6ee1
3 5 0 5b6ee1
4 5 0 5b6ee1
5 5 0 5b6ee1
6 5 0 5b6ee1
7 5 0 5b6ee1
3 6 0 3f3f74
4 6 0 5b6ee1
5 6 0 5b6ee1
6 6 0 5b6ee1
7 6 0 3f3f74
3 7 0 5b6ee1
4 7 0 5b6ee1
5 7 0 5b6ee1
6 7 0 5b6ee1
7 7 0 5b6ee1
3 8 0 5b6ee1
4 8 0 5b6ee1
5 8 0 5b6ee1
6 8 0 5b6ee1
7 8 0 5b6ee1
3 0 1 3f3f74
4 0 1 3f3f74
5 0 1 3f3f74
6 0 1 3f3f74
7 0 1 3f3f74
3 1 1 3f3f74
4 1 1 5b6ee1
5 1 1 5b6ee1
6 1 1 5b6ee1
7 1 1 3f3f74
3 2 1 5b6ee1
4 2 1 5b6ee1
5 2 1 5b6ee1
6 2 1 5b6ee1
7 2 1 5b6ee1
3 3 1 5b6ee1
4 3 1 5b6ee1
5 3 1 5b6ee1
6 3 1 5b6ee1
7 3 1 5b6ee1
3 4 1 5b6ee1
4 4 1 5b6ee1
5 4 1 5b6ee1
6 4 1 5b6ee1
7 4 1 5b6ee1
3 5 1 5b6ee1
4 5 1 5b6ee1
5 5 1 5b6ee1
6 5 1 5b6ee1
7 5 1 5b6ee1
3 6 1 5b6ee1
4 6 1 5b6ee1
5 6 1 5b6ee1
6 6 1 5b6ee1
7 6 1 5b6ee1
3 7 1 3f3f74
4 7 1 5b6ee1
5 7 1 5b6ee1
6 7 1 5b6ee1
7 7 1 3f3f74
3 8 1 5b6ee1
4 8 1 5b6ee1
5 8 1 5b6ee1
6 8 1 5b6ee1
7 8 1 5b6ee1
4 9 1 5b6ee1
5 9 1 5b6ee1
6 9 1 5b6ee1
4 10 1 5b6ee1
5 10 1 5b6ee1
6 10 1 5b6ee1
3 0 2 5b6ee1
4 0 2 5b6ee1
5 0 2 5b6ee1
6 0 2 5b6ee1
7 0 2 5b6ee1
3 1 2 3f3f74
4 1 2 5b6ee1
5 1 2 5b6ee1
6 1 2 5b6ee1
7 1 2 3f3f74
3 2 2 5b6ee1
4 2 2 5b6ee1
5 2 2 5b6ee1
6 2 2 5b6ee1
7 2 2 5b6ee1
3 3 2 3f3f74
4 3 2 5b6ee1
5 3 2 5b6ee1
6 3 2 5b6ee1
7 3 2 3f3f74
3 4 2 3f3f74
4 4 2 5b6ee1
5 4 2 5b6ee1
6 4 2 5b6ee1
7 4 2 3f3f74
3 5 2 5b6ee1
4 5 2 5b6ee1
5 5 2 5b6ee1
6 5 2 5b6ee1
7 5 2 5b6ee1
3 6 2 3f3f74
4 6 2 5b6ee1
5 6 2 5b6ee1
6 6 2 5b6ee1
7 6 2 3f3f74
3 7 2 5b6ee1
4 7 2 5b6ee1
5 7 2 5b6ee1
6 7 2 5b6ee1
7 7 2 5b6ee1
3 8 2 3f3f74
4 8 2 5b6ee1
5 8 2 5b6ee1
6 8 2 5b6ee1
7 8 2 3f3f74
4 10 2 5b6ee1
5 10 2 5b6ee1
6 10 2 5b6ee1
3 0 3 5b6ee1
4 0 3 5b6ee1
5 0 3 5b6ee1
6 0 3 5b6ee1
7 0 3 5b6ee1
3 1 3 5b6ee1
4 1 3 5b6ee1
5 1 3 5b6ee1
6 1 3 5b6ee1
7 1 3 5b6ee1
3 2 3 5b6ee1
4 2 3 5b6ee1
5 2 3 5b6ee1
6 2 3 5b6ee1
7 2 3 5b6ee1
3 3 3 3f3f74
4 3 3 5b6ee1
5 3 3 5b6ee1
6 3 3 5b6ee1
7 3 3 3f3f74
3 4 3 cbdbfc
4 4 3 5b6ee1
5 4 3 5b6ee1
6 4 3 5b6ee1
7 4 3 cbdbfc
3 5 3 5b6ee1
4 5 3 5b6ee1
5 5 3 5b6ee1
6 5 3 5b6ee1
7 5 3 5b6ee1
3 6 3 5b6ee1
4 6 3 5b6ee1
5 6 3 5b6ee1
6 6 3 5b6ee1
7 6 3 5b6ee1
3 7 3 5b6ee1
4 7 3 5b6ee1
5 7 3 5b6ee1
6 7 3 5b6ee1
7 7 3 5b6ee1
3 8 3 5b6ee1
4 8 3 5b6ee1
5 8 3 5b6ee1
6 8 3 5b6ee1
7 8 3 5b6ee1
3 0 4 5b6ee1
4 0 4 5b6ee1
5 0 4 5b6ee1
6 0 4 5b6ee1
7 0 4 5b6ee1
3 1 4 5b6ee1
4 1 4 5b6ee1
5 1 4 5b6ee1
6 1 4 5b6ee1
7 1 4 5b6ee1
3 2 4 5b6ee1
4 2 4 5b6ee1
5 2 4 5b6ee1
6 2 4 5b6ee1
7 2 4 5b6ee1
3 3 4 5b6ee1
4 3 4 5b6ee1
5 3 4 5b6ee1
6 3 4 5b6ee1
7 3 4 5b6ee1
3 4 4 5b6ee1
4 4 4 5b6ee1
5 4 4 5b6ee1
6 4 4 5b6ee1
7 4 4 5b6ee1
3 5 4 5b6ee1
4 5 4 5b6ee1
5 5 4 5b6ee1
6 5 4 5b6ee1
7 5 4 5b6ee1
3 6 4 5b6ee1
4 6 4 5b6ee1
5 6 4 5b6ee1
6 6 4 5b6ee1
7 6 4 5b6ee1
3 7 4 5b6ee1
4 7 4 5b6ee1
5 7 4 5b6ee1
6 7 4 5b6ee1
7 7 4 5b6ee1
3 8 4 5b6ee1
4 8 4 5b6ee1
5 8 4 5b6ee1
6 8 4 5b6ee1
7 8 4 5b6ee1
